0.25403735
0.12994595
-0.22480872
-0.10326389
-0.13982774
0.15218024
0.07706159
-0.21043764
-0.02545255
-0.20932592
0.05242063
0.06635347
0.05432571
0.14658135
-0.28687504
-0.19711882
-0.17743170
-0.14803368
-0.28430694
0.12144634
0.20132482
-0.30939755
0.34262410
-0.12759419
0.14101641
0.11588565
0.17628603
-0.08882920
-0.02547179
0.00941670
-0.30029726
-0.06888463
-0.25458866
-0.02831450
-0.08026106
0.02572625
0.28369489
0.01721079
0.16977562
0.11575579
-0.23253922
0.12426305
0.06977964
0.10935255
-0.18498240
-0.00172426
-0.28922027
0.11984135
-0.14559060
-0.00156432
0.04034795
0.05832517
0.34222576
0.05266690
0.03594270
-0.20092268
-0.08580180
0.03887301
-0.16123052
0.07476027
-0.10409573
0.22032203
0.15294142
0.02273823
-0.20753396
0.01145309
0.27495766
-0.00978154
0.12942930
-0.18382110
0.27391079
0.10501802
0.09823219
0.41308945
-0.26621249
-0.13313079
0.07676651
-0.01050728
-0.18414155
0.15819225
-0.05219758
0.07973938
0.29514381
0.00644398
-0.16458844
0.02054639
-0.34299627
-0.16840212
-0.25779691
-0.21065390
0.06178293
0.12002998
0.01373900
0.20596039
-0.05535461
0.09683279
-0.07344940
-0.08547214
0.13658322
-0.08679365
0.11850563
-0.15494931
-0.09750903
0.01383221
0.14734919
-0.01855752
0.18986784
-0.00047577
0.06582128
-0.18205564
-0.06690951
-0.07721304
0.05928130
-0.20942917
0.03369300
-0.21563050
-0.14947355
0.24638547
-0.28450918
-0.00173008
0.12859771
-0.19848400
0.06547878
0.26617676
-0.04413638
0.18700416
0.09738282
0.08687419
-0.01835336
0.08705673
0.16045369
-0.01058038
0.11896501
-0.23591283
-0.39714071
-0.19380845
-0.02273533
-0.27630663
0.10488959
0.18281688
0.00866270
0.03986692
0.26446474
0.06823039
0.06314208
0.25480270
-0.00843487
-0.03967998
-0.22761166
-0.05183745
0.07211695
-0.14217274
0.11366324
0.09450563
0.00913181
0.05110386
0.01421383
-0.12285171
0.36077654
0.03035328
-0.01526177
0.03297775
0.09322955
-0.03446984
-0.14253975
0.11438279
-0.11127401
-0.05456966
0.08893547
-0.20365195
-0.03122260
-0.14736877
-0.06375892
0.18809272
0.19955914
0.08724757
0.04104921
-0.05836585
-0.08695984
0.09568487
-0.22508982
0.09504572
0.06524428
0.00338341
-0.03836697
0.13478272
-0.19118544
-0.23882847
0.06332772
0.19519767
-0.24149199
0.23577458
0.33916932
-0.13469790
-0.32830507
-0.16561118
-0.32175246
0.30953711
0.08181160
0.11985859
-0.06136542
0.16206077
-0.09115612
-0.06725065
0.02323109
0.13579461
0.19763775
0.09639930
0.04819078
0.10943216
-0.06479390
0.06953034
0.15667614
-0.29183087
0.14280009
-0.17075686
-0.00031858
0.04584424
0.03674447
-0.22241774
0.04392277
0.05045480
-0.05089182
0.19831736
