-1.399282
0.585029
-1.205093
0.752642
-1.118787
2.124017
-1.129575
2.581143
-1.129575
2.245918
-0.460705
0.920254
0.143437
-0.603497
0.445508
-1.929160
0.618119
-2.751986
0.316049
-2.736748
0.283684
-1.868210
-0.298881
-0.755872
-0.255728
0.295516
-1.064846
1.240242
-0.180210
1.407855
0.337625
0.600266
-0.029175
-0.268272
0.316049
-0.953960
1.211473
-1.136810
1.427238
-1.609172
0.877037
-1.548222
-0.503858
-1.929160
-0.158634
-1.548222
0.035554
-0.953960
0.348413
-0.435884
0.823096
-0.009234
1.103590
-0.237797
2.106896
-0.847297
1.880344
-1.197760
1.794038
-1.334897
1.934285
-1.487272
2.743403
-1.852973
2.074532
-1.974873
2.031379
-1.761548
1.945073
-1.700598
1.632214
-0.862535
1.179108
0.112666
0.974131
0.554554
1.211473
-0.313984
0.995708
-0.862535
2.096108
-1.487272
1.783249
-1.792023
1.211473
-1.395847
0.963343
-1.487272
1.028073
-1.380610
0.963343
-1.030147
2.247144
-0.923485
2.603156
-1.487272
2.624732
-1.441560
3.034685
-1.289185
3.067050
-1.563460
2.991533
-1.792023
3.164144
-1.944398
2.527638
-1.411085
1.858767
-0.710159
0.585755
-0.024471
0.909402
0.173616
1.308567
0.661216
1.945073
0.280279
2.549215
-0.100659
2.171626
-0.801584
2.560003
-1.197760
2.203991
-2.584373
2.042167
-1.654885
2.322661
-1.289185
1.772461
0.691692
0.348413
1.895455
-0.352822
2.672568
0.790731
2.520193
1.060437
1.834505
1.804826
0.539316
0.596543
-0.207322
1.664579
-0.481597
1.276202
-0.420647
0.531814
-0.024471
0.456296
0.981204
0.747578
1.331667
0.596543
1.636417
0.877037
1.453567
1.416449
0.996442
0.984920
0.569791
1.524332
0.432654
1.092802
0.249804
0.283684
0.188854
-0.018387
0.828829
-0.018387
1.895455
0.121860
3.190643
-0.169422
3.129693
0.445508
2.611618
0.769155
3.221118
1.049649
2.703043
2.020591
1.362142
1.545908
-0.618734
0.855461
-1.487272
0.326837
-0.938722
0.574966
0.082191
0.359202
2.245918
0.369990
4.074419
-0.428340
3.647768
-0.309669
3.190643
0.779943
2.017355
1.340932
1.011679
1.502755
-0.329222
0.790731
-1.334897
1.049649
-1.243472
0.132649
-0.100659
-0.137057
0.859304
0.521025
2.337343
0.175802
2.748755
0.229743
2.078305
1.394873
0.280279
0.790731
-1.045385
0.445508
-1.913923
0.726002
-2.127248
0.639696
-1.456797
-0.288093
-0.451122
-0.892234
0.859304
-0.590164
1.758317
-1.431646
2.124017
-1.280611
1.849742
0.499449
0.920254
1.189896
0.006004
1.815614
-1.273947
1.103590
-1.670123
0.165013
-2.127248
-0.072328
-1.456797
0.628908
-0.390172
0.531814
1.194529
-0.266516
1.895455
-0.050751
2.032592
0.132649
1.560230
0.175802
1.179292
0.564178
1.346904
1.589061
0.813592
1.438026
0.524079
0.348413
0.920254
0.898614
0.585029
0.369990
0.569791
-0.913811
0.219329
-1.658199
0.402179
-0.363610
0.767879
0.305260
-0.039709
0.175802
-0.070184
0.078707
0.478366
0.132649
0.295516
-0.568587
0.645979
-0.212575
0.432654
0.057131
-0.070184
0.035554
-0.283509
-1.971058
0.752642
-1.722929
0.981204
-1.593470
1.727842
-2.035788
1.956405
-1.464011
2.154492
-0.708834
0.874542
-0.525434
-0.268272
-0.525434
-1.106335
-0.406763
-1.167285
-0.611740
-1.654885
-1.420858
-1.776785
-0.816717
-1.121572
-1.464011
-0.542547
-1.981847
0.981204
-2.359435
2.108780
-1.571894
3.358256
-0.935387
3.205880
-0.654893
1.438329
0.337625
0.112666
0.121860
-1.273947
0.100284
-2.569136
-1.010905
-2.553898
-2.305494
-0.877772
-2.348647
0.493604
-2.434953
2.459243
-2.219188
3.388731
-2.262341
3.556343
-1.118787
2.489718
-0.460705
1.133579
0.920190
-0.253034
-0.428340
-1.045385
-1.485588
-1.990110
-2.208400
-2.051060
-1.690564
-0.877772
-1.787658
1.682130
-2.240764
3.723956
-2.327070
4.683919
-2.068153
3.266830
-1.464011
2.413530
-0.600952
0.874542
0.132649
-0.131134
-0.093904
-1.578698
-0.913811
-2.035823
-2.078941
-0.847297
-2.693871
1.560230
-2.596776
3.708718
-2.251553
5.003907
-0.762775
4.501069
-0.126269
2.885893
-0.050751
0.920254
-0.072328
-0.542547
0.251319
-1.487272
-0.859870
-1.350135
-1.636623
-0.862535
-1.615047
0.996442
-2.068153
2.687805
-2.035788
3.297306
-1.971058
2.916368
-1.334552
1.880217
-0.773564
-0.222559
0.024766
-1.883448
0.283684
-2.980549
-0.859870
-3.026261
-0.978540
-2.477710
-1.668988
-0.710159
-1.809235
0.767879
-1.410070
1.682130
-0.406763
1.255479
-0.352822
0.813592
0.488661
0.066954
0.003190
-1.289185
-0.385187
-2.020585
-0.234152
-2.858648
-0.342034
-2.934836
-1.075634
-2.066298
-1.474799
-0.573022
-1.474799
1.453567
-0.611740
1.925930
-0.428340
1.621180
0.175802
0.188854
-0.449916
-1.091097
0.218955
-2.340573
0.585755
-2.264385
0.661272
-2.112010
-0.493069
-1.273947
-1.485588
0.783117
-2.186823
1.834505
-1.906329
2.504955
-1.431646
1.849742
0.369990
1.011679
0.898614
-0.359697
1.082014
-1.258710
0.208166
-1.822498
0.186590
-2.386286
-1.334552
-1.228235
-1.107999
-0.771109
-0.514646
-0.054946
0.067919
0.386941
0.510237
1.225004
0.823096
0.950729
0.024766
0.859304
-0.439128
0.021241
-0.363610
-0.024471
-0.007599
-0.344459
0.100284
-1.212997
-0.104693
-1.289185
-0.320457
0.066954
-0.644105
1.544992
0.003190
2.444005
1.006496
1.971642
1.470390
1.148817
2.117685
-0.024471
1.858767
-1.136810
0.974131
-1.426322
0.175802
-1.517747
-0.536222
-0.359697
-0.525434
0.722167
-0.611740
2.200205
0.218955
2.428768
0.488661
1.697367
0.186590
0.554554
0.294472
0.265041
0.445508
0.493604
0.337625
0.371704
0.434719
-0.207322
0.672061
0.143141
-0.061540
0.706929
0.175802
1.819267
-0.137057
2.581143
-0.126269
2.642093
0.467084
2.139255
0.456296
1.133579
0.898614
1.026917
1.168320
0.585029
0.758367
0.158379
-0.169422
0.112666
-0.514646
0.630741
-0.611740
1.804030
-0.223363
2.322105
0.326837
2.642093
0.165013
2.154492
-0.137057
1.225004
-0.471493
0.325991
-0.126269
-0.832059
0.013978
-1.045385
0.391566
-0.435884
-0.654893
0.752642
-0.266516
1.057392
-0.805928
1.164054
-0.881446
1.225004
-0.849081
0.676454
-0.989329
0.386941
-0.536222
-0.207322
-0.147846
-0.344459
-1.442435
-0.085421
-0.525434
-0.192084
-0.093904
-0.283509
-0.730411
0.051716
-1.064846
0.386941
-0.849081
0.493604
-0.460705
0.051716
-0.870658
-0.115897
-0.417552
-0.984435
-1.205093
-1.228235
-0.827505
-1.792023
-0.201787
-1.700598
-0.158634
-1.304422
0.067919
-0.877772
-0.698046
-0.268272
-0.730411
-0.557784
-0.698046
-1.319660
-0.417552
-2.431998
-0.525434
-2.477710
-0.665681
-1.746310
-0.956964
-1.030147
-0.385187
-0.070184
-0.417552
-0.222559
0.132649
-1.304422
-0.903023
-1.639647
0.833884
-1.761548
-0.190999
-0.999672
-0.547011
-0.679684
-0.104693
-0.664447
-0.050751
-0.832059
-0.698046
-1.411085
-0.158634
-1.212997
-0.255728
-0.938722
-0.568587
-0.054946
-0.654893
0.478366
-0.633317
0.188854
-0.741199
-0.832059
-0.838293
-1.502510
-0.654893
-1.502510
-0.654893
-0.771109
-0.460705
0.127904
0.790731
-0.207322
0.769155
-1.030147
0.898614
-2.005348
0.704425
-2.310098
0.790731
-1.852973
0.833884
-1.670123
0.218955
-1.563460
-0.212575
-0.740634
-0.342034
-0.344459
-0.741199
-0.405409
-0.611740
-1.121572
0.132649
-1.258710
-0.072328
-1.380610
0.823096
-1.106335
0.553390
-0.725397
0.758367
-1.852973
0.348413
-2.416760
0.488661
-2.112010
0.218955
-1.532985
0.402355
-0.618734
-0.859870
0.386941
0.240531
0.783117
0.758367
0.432654
0.348413
0.356466
-0.439128
-0.481597
-0.547011
-0.633972
-0.568587
-0.573022
-0.244940
-0.512072
-0.536222
-0.557784
-0.158634
0.325991
-0.061540
0.783117
0.434719
0.478366
-0.547011
-0.024471
-0.579375
-0.542547
0.208166
-0.192084
0.380778
0.356466
-0.083116
0.645979
0.704425
0.371704
1.233049
-0.222559
1.567485
-0.603497
1.589061
-0.816822
1.837191
-0.984435
1.438026
-1.243472
1.459602
-1.350135
1.362508
-0.618734
0.898614
-0.527309
1.006496
0.051716
1.082014
0.661216
1.254626
0.645979
1.556696
-0.847297
1.103590
-1.075860
0.521025
-1.334897
0.003190
-1.136810
-0.083116
-0.222559
0.305260
0.097429
0.326837
-0.512072
-0.320457
-0.222559
0.294472
-0.146372
-0.029175
-0.115897
0.078707
-0.816822
0.682849
-1.228235
0.693637
-1.472035
0.445508
-1.593935
0.326837
-0.862535
0.003190
0.173616
-0.708834
0.722167
-0.719622
0.889779
0.413143
0.082191
0.769155
-0.740634
1.308567
-1.624410
0.930978
-1.715835
0.046343
-1.868210
-0.827505
-1.258710
-0.029175
-1.228235
-0.223363
-0.481597
0.272896
-0.344459
1.028073
-0.588259
1.276202
-1.289185
-0.029175
-1.639647
-0.536222
-1.883448
-0.611740
-2.249148
-0.277305
-2.020585
0.154225
-1.563460
0.165013
-1.228235
0.521025
-1.091097
0.402355
-0.573022
0.186590
-0.009234
0.143437
0.402179
-0.277305
0.341229
-0.190999
0.310754
1.157531
-0.420647
1.707732
-1.228235
1.286990
-1.609172
0.175802
-1.685360
-0.924599
-1.380610
-1.032482
-0.694922
-1.744505
-0.633972
0.855461
-0.877772
0.963343
-1.350135
0.618119
-1.121572
0.316049
-0.649209
-0.708834
-0.131134
0.542602
-0.496834
1.729308
-0.984435
1.556696
-1.472035
1.988226
-1.883448
2.020591
-2.127248
1.092802
-1.563460
0.812308
-0.618734
0.423931
0.036479
0.326837
-0.146372
0.574966
0.006004
0.747578
-0.435884
0.305260
-0.710159
0.661272
-0.512072
0.369990
-0.268272
1.028073
-0.146372
1.664579
-0.466359
1.610638
-0.344459
0.672061
-0.359697
0.521025
-0.070184
-0.029175
0.447891
-0.126269
0.341229
-0.406763
0.295516
-0.169422
0.204091
-0.471493
0.752642
-0.493069
0.844067
-0.201787
0.752642
0.337625
0.920254
0.596543
1.026917
-0.083116
0.996442
-0.708834
1.011679
0.316049
0.965967
1.276202
0.478366
0.682849
0.188854
-0.428340
0.356466
0.726002
0.265041
-0.007599
0.158379
0.316049
0.569791
-0.762775
1.316429
-0.741199
1.316429
-0.600952
1.666892
-1.248246
1.072629
-0.849081
1.255479
0.380778
0.615504
0.650484
-0.131134
0.402355
-0.618734
1.211473
-0.893009
1.222261
-1.289185
0.726002
-1.060622
0.661272
-0.908247
0.682849
-0.207322
0.531814
1.011679
0.078707
1.727842
0.218955
1.438329
0.693637
0.478366
2.193203
-0.710159
1.729308
-1.289185
1.416449
-1.289185
1.103590
-1.228235
0.963343
-1.548222
1.071226
-1.167285
0.585755
-0.176847
-0.007599
0.249804
-0.460705
1.179292
-0.072328
0.859304
0.089496
-0.420647
-0.244940
-1.060622
-0.298881
-0.832059
-1.248246
-0.725397
-1.334552
-0.466359
-1.312976
-0.679684
-1.172729
-0.679684
-0.956964
0.310754
-1.140364
0.417416
-1.291399
0.737404
-1.075634
0.874542
-0.622528
0.386941
-0.180210
0.188854
-1.086423
-0.694922
-0.374399
-0.725397
-0.439128
-0.664447
-0.169422
-0.832059
0.067919
-0.679684
-0.644105
0.021241
-0.244940
0.767879
-0.622528
1.209767
-0.288093
0.798354
-0.029175
0.828829
0.035554
0.417416
0.305260
-0.435884
-0.547011
0.158379
0.413143
-0.085421
0.208166
-0.618734
0.391566
-0.725397
-0.190999
-0.588259
-1.010905
-0.832059
-1.097211
-0.801584
-0.784352
-0.390172
-0.730411
-0.298747
-1.010905
0.127904
-1.248246
0.173616
-1.010905
-0.313984
-0.903023
-0.420647
-0.870658
-0.344459
-0.029175
-1.106335
-0.223363
-0.984435
-0.018387
-1.182522
-0.331246
-0.862535
-0.730411
-0.542547
-0.654893
0.341229
-0.029175
0.585029
0.089496
0.569791
-0.266516
0.097429
0.013978
0.036479
0.510237
-0.268272
0.089496
0.234566
-0.536222
0.066954
-0.374399
0.539316
0.283684
0.706929
-0.741199
0.965967
-0.525434
1.529755
-0.849081
1.590705
-0.644105
1.072629
-0.805928
1.225004
-0.482281
0.706929
-0.039963
0.767879
-0.126269
0.889779
-0.892234
1.011679
-0.816717
1.270717
-1.744505
1.468804
-1.129575
1.743080
-0.935387
0.844067
-0.298881
0.493604
-0.018387
0.402179
0.165013
0.508841
0.758367
0.341229
1.006496
0.265041
0.380778
1.026917
-0.428340
1.270717
0.434719
2.047830
0.531814
1.544992
0.984920
1.133579
0.941767
0.798354
0.057131
0.432654
1.006496
0.082191
1.632214
-0.283509
1.481179
0.143141
0.877037
0.432654
1.125167
0.737404
0.499449
1.377380
0.596543
1.804030
-0.007599
2.291630
0.197378
1.468804
0.359202
0.813592
0.769155
0.524079
0.337625
-0.009234
1.060437
-0.466359
1.071226
-0.527309
0.704425
-0.054946
0.488661
0.493604
0.747578
1.194529
0.639696
0.950729
1.146743
0.600266
1.114378
0.310754
0.100284
0.036479
-0.255728
0.006004
0.046343
-0.085421
-0.395975
-0.435884
-0.676470
-0.039709
-0.903023
1.179292
-0.298881
1.407855
-0.557799
1.194529
-0.708834
1.209767
-1.291399
0.417416
-0.730411
0.097429
-1.086423
-1.182522
-0.449916
-0.054946
-0.676470
0.524079
-0.514646
0.722167
-0.881446
0.188854
-0.719622
-0.176847
0.467084
0.204091
0.801520
0.417416
0.143437
0.097429
-0.223363
-0.100659
-0.967752
-0.024471
-1.032482
0.341229
-0.741199
0.295516
-0.665681
0.356466
-0.719622
0.204091
-0.633317
-0.131134
-0.083116
-0.329222
-0.180210
0.143141
-0.503858
0.325991
-1.625835
0.996442
-1.032482
0.600266
-0.687258
0.447891
-1.377705
0.097429
-1.215881
0.188854
-0.449916
-0.542547
-0.849081
-0.740634
-0.946176
-0.816822
-0.471493
-0.633972
-0.547011
0.082191
-0.342034
0.539316
-1.107999
0.630741
-0.244940
0.127904
-0.568587
-0.192084
-0.385187
-0.573022
0.197378
-1.075860
-0.190999
-0.603497
-0.190999
-0.283509
-0.395975
0.493604
-0.654893
1.011679
-0.676470
1.011679
-0.460705
0.828829
-0.460705
0.386941
-0.417552
0.341229
0.057131
-0.908247
0.186590
-0.542547
0.100284
-0.496834
-0.190999
-0.390172
-0.417552
-0.100659
-0.342034
0.417416
-0.460705
0.996442
-0.644105
0.950729
0.089496
0.143141
-0.298881
-0.466359
-0.320457
-0.070184
0.272896
0.082191
-0.180210
0.158379
0.240531
0.341229
0.488661
0.310754
0.229743
0.173616
0.618119
0.188854
0.823096
0.325991
0.186590
0.554554
0.316049
0.066954
0.240531
-0.405409
0.510237
-0.633972
-0.039963
-0.039709
-0.234152
0.219329
-0.190999
0.493604
-0.147846
0.447891
-0.007599
0.188854
-0.266516
0.524079
-0.967752
0.844067
-1.474799
1.301192
-0.773564
1.042154
0.262108
0.600266
-0.395975
0.265041
0.380778
0.341229
-0.158634
0.173616
0.553390
-0.374934
0.531814
-0.253034
-0.266516
-0.298747
-0.169422
-0.161609
0.154225
-0.009234
0.057131
0.325991
0.262108
0.402179
0.229743
0.097429
0.100284
-0.115897
-0.568587
-0.420647
0.402355
-0.801584
0.067919
-0.481597
0.337625
-0.146372
0.715214
-0.573022
1.135955
-0.786347
0.909402
-1.045385
0.974131
-0.969197
0.596543
-0.359697
0.467084
0.006004
0.510237
0.356466
-0.352822
0.143141
0.930978
-0.024471
-0.137057
-0.131134
-0.557799
0.447891
-0.158634
0.036479
-0.147846
-0.237797
-0.579375
-0.222559
-0.708834
-0.390172
-0.277305
-0.298747
-1.636623
-0.192084
-1.075634
0.051716
-1.593470
0.996442
-1.107999
0.981204
-1.043270
0.645979
-1.205093
0.006004
-0.751987
0.188854
-1.064846
-0.298747
-1.075634
0.036479
-1.259035
0.752642
-1.528741
1.240242
-1.151152
0.935492
-1.528741
0.813592
-0.795140
0.219329
-0.137057
0.143141
-0.493069
-0.070184
-0.277305
0.006004
-0.180210
-0.039709
-0.352822
-0.405409
-0.072328
-0.405409
-0.773564
0.265041
-0.493069
0.280279
-0.352822
0.585029
-0.676470
0.645979
0.283684
0.127904
-0.029175
0.082191
-0.978540
0.204091
-0.309669
-0.207322
0.089496
-0.024471
0.823096
0.615504
0.693637
0.813592
0.488661
0.600266
-0.439128
-0.085421
-0.471493
-0.070184
-0.449916
0.158379
-0.137057
0.127904
-0.719622
0.295516
-0.298881
0.371704
-0.568587
0.341229
-1.172729
0.188854
-0.827505
0.295516
-0.795140
0.478366
-0.881446
0.173616
-0.849081
0.722167
-0.967752
0.874542
-0.654893
0.417416
-0.115481
0.204091
0.456296
-0.146372
0.121860
-0.313984
0.618119
0.158379
0.380778
0.463129
1.006496
0.524079
1.082014
0.219329
1.028073
-0.054946
0.898614
0.158379
1.524332
0.204091
1.470390
0.463129
1.869555
0.569791
1.707732
0.585029
2.247144
0.356466
1.977438
-0.085421
1.988226
-0.253034
1.200684
-0.329222
1.664579
-0.466359
1.783249
-0.451122
2.031379
-0.207322
1.783249
0.021241
2.203991
-0.054946
2.387391
-0.253034
1.923497
-0.420647
2.074532
-0.649209
1.524332
-0.618734
0.920190
0.082191
0.769155
0.173616
0.218955
0.143141
0.197378
0.356466
0.057131
0.478366
-0.547011
0.432654
-0.201787
0.371704
0.369990
0.493604
-0.212575
0.310754
-0.342034
0.493604
-0.093904
0.325991
-0.406763
-0.100659
-0.449916
-0.390172
0.186590
-0.466359
-0.147846
-0.237797
0.175802
0.234566
-0.158634
0.051716
-0.190999
-0.100659
-0.676470
-0.176847
-0.083116
-0.207322
-0.320457
-0.024471
-0.762775
-0.161609
-0.859870
-0.115897
-0.633317
-0.298747
-1.010905
-0.496834
-1.561105
-0.039709
-1.269823
-0.253034
-1.043270
0.021241
-0.989329
0.204091
-0.547011
0.265041
-0.395975
0.600266
-0.547011
0.295516
-1.075634
-0.283509
-0.935387
-0.054946
-0.741199
0.051716
-0.805928
-0.192084
-0.007599
-0.390172
-0.244940
-0.009234
-0.676470
-0.496834
-0.838293
0.143141
0.003190
0.325991
-0.169422
0.249804
-0.514646
-0.176847
0.132649
0.432654
-0.644105
0.402179
-0.277305
0.539316
-0.428340
0.356466
0.661272
0.219329
-0.007599
-0.374934
0.326837
-1.045385
-0.029175
-0.984435
0.089496
-0.329222
-0.244940
0.554554
0.100284
0.722167
-0.352822
0.524079
0.057131
0.524079
-0.547011
0.645979
0.046343
0.706929
-0.277305
0.889779
-0.859870
0.981204
-0.611740
0.905017
-0.600952
0.188854
-1.064846
0.508841
-0.568587
-0.161609
-1.194305
-0.131134
-0.805928
0.006004
-1.410070
-0.451122
-1.043270
-0.070184
-0.676470
0.127904
-1.302187
0.371704
-0.363610
0.356466
0.154225
-0.344459
-0.665681
-0.253034
-1.086423
-0.527309
-1.021693
-0.420647
-0.978540
0.006004
-0.816717
-0.100659
-0.708834
-0.679684
-0.859870
-1.304422
-0.137057
-1.106335
-0.331246
-0.359697
-0.536222
0.706929
-0.417552
0.447891
-0.201787
0.265041
0.229743
0.661216
1.006496
0.585029
1.135955
-0.039709
1.017284
-0.253034
0.833884
-0.420647
1.276202
-0.268272
1.276202
-0.420647
1.114378
-0.527309
1.254626
-0.908247
1.340932
-0.999672
1.222261
-1.030147
1.686155
-0.877772
1.082014
-0.512072
0.920190
-0.374934
0.898614
0.158379
0.974131
0.600266
0.779943
0.645979
1.071226
0.051716
1.276202
-0.908247
1.211473
-1.106335
1.028073
-0.953960
0.704425
-0.862535
0.369990
-0.801584
0.952555
-0.420647
0.574966
-0.329222
0.574966
-0.466359
1.168320
-0.527309
1.060437
-0.344459
0.650484
-0.161609
0.790731
-0.237797
1.243837
-0.374934
0.672061
-0.344459
0.391566
-0.192084
0.628908
-0.253034
0.823096
-0.405409
1.082014
-0.405409
0.132649
-0.283509
0.305260
-0.085421
0.294472
0.188854
0.413143
-0.283509
-0.266516
-0.847297
0.337625
-1.959635
0.003190
-0.984435
0.812308
-0.893009
0.887825
-2.035823
0.866249
-0.786347
-0.050751
-0.390172
0.488661
-1.990110
1.125167
-0.359697
-0.395975
-0.405409
0.154225
-1.563460
0.499449
-0.557784
-0.342034
-0.786347
-0.363610
-0.725397
-0.277305
-0.253034
0.218955
-0.100659
0.165013
-0.283509
-0.039963
-0.710159
-0.050751
-0.573022
-0.115481
-0.161609
-0.374399
0.249804
0.208166
0.143141
0.229743
-0.405409
0.154225
-1.030147
-0.072328
-1.258710
0.294472
-1.350135
-0.083116
-0.953960
0.218955
-0.801584
0.165013
-0.496834
0.639696
0.021241
0.197378
0.280279
0.154225
0.051716
0.326837
-0.085421
0.855461
0.006004
0.413143
-0.512072
0.035554
-0.405409
-0.158634
-0.420647
0.359202
-0.542547
-0.072328
-0.344459
0.305260
-0.832059
0.035554
-0.283509
-0.342034
-0.085421
-0.277305
-0.146372
0.035554
-0.192084
-0.665681
-0.405409
-0.201787
-0.313984
-0.395975
-0.512072
-0.654893
-0.435884
-0.309669
-0.100659
-0.493069
-0.253034
-0.547011
-0.253034
-0.374399
-0.283509
-0.460705
-0.405409
-0.126269
-0.512072
0.143437
-0.725397
0.628908
-0.527309
0.089496
-0.451122
0.316049
0.249804
-0.503858
0.310754
-0.536222
0.722167
0.143437
0.950729
0.143437
0.798354
0.154225
0.722167
0.272896
0.386941
0.898614
0.432654
0.456296
0.691692
0.100284
1.026917
0.661272
0.539316
0.143437
0.493604
0.262108
0.661216
0.413143
0.859304
0.305260
0.722167
-0.007599
0.798354
0.510237
0.417416
0.693637
0.219329
0.672061
-0.298747
0.628908
-0.451122
0.542602
-0.329222
0.499449
-0.573022
0.639696
-0.740634
0.337625
-0.496834
0.553390
-0.329222
0.596543
-0.649209
0.316049
0.036479
0.628908
-0.496834
0.488661
-1.045385
-0.547011
-0.953960
-0.093904
-0.893009
0.596543
-0.481597
-0.212575
0.036479
-1.215881
-0.115897
-1.226670
-0.435884
-1.172729
-0.527309
-1.949482
-0.512072
-2.391800
0.508841
-1.992635
0.478366
-1.992635
0.295516
-1.658199
-0.131134
-2.122094
-0.344459
-2.078941
-0.115897
-1.906329
0.112666
-1.464011
0.463129
-1.701352
0.463129
-1.485588
-1.746310
-1.561105
-0.039709
-1.658199
0.219329
-2.143670
0.859304
-2.424165
0.706929
-2.618353
0.158379
-2.122094
-0.039709
-1.474799
0.006004
-1.561105
-0.298747
-1.194305
0.524079
-0.967752
0.478366
-1.129575
0.097429
-0.762775
0.554554
-0.600952
0.767879
-0.676470
0.752642
-0.913811
0.935492
-0.600952
0.737404
-0.557799
0.859304
-0.417552
0.676454
-0.816717
0.310754
-0.633317
-0.237797
-0.741199
-0.649209
-0.827505
-0.024471
-0.795140
-0.131134
-0.363610
-0.115897
-0.762775
-0.176847
-0.913811
-0.131134
-0.536222
-0.481597
-0.547011
-0.877772
-0.439128
-0.542547
-1.118787
-0.313984
-0.849081
-0.161609
-0.525434
-0.603497
-0.827505
-0.283509
-0.881446
-0.024471
-1.097211
0.188854
-0.946176
0.280279
-0.428340
0.417416
0.013978
1.011679
-0.946176
0.630741
-1.183517
-0.862535
-0.417552
-0.237797
-0.503858
-0.496834
-0.320457
0.341229
-0.741199
0.341229
-0.579375
0.554554
-0.137057
-0.283509
-0.255728
-0.573022
-0.277305
-0.649209
-0.018387
0.051716
0.531814
-0.161609
0.337625
-0.283509
0.218955
-0.573022
0.726002
0.097429
0.337625
0.569791
0.823096
0.508841
0.326837
0.356466
0.380778
-0.131134
0.035554
-0.131134
0.175802
0.066954
-0.050751
0.569791
-0.029175
0.585029
0.229743
0.188854
0.262108
0.615504
0.067919
0.844067
0.057131
1.133579
-0.503858
1.042154
-0.039963
0.371704
-0.417552
-0.039709
-0.449916
0.295516
0.111072
0.234566
0.089496
0.173616
0.316049
0.051716
0.920190
-0.832059
0.801520
-0.649209
1.092802
-0.405409
0.769155
-0.054946
0.607331
-0.405409
0.143437
-0.527309
0.661272
-0.344459
0.100284
0.249804
-0.039963
0.691692
-0.762775
0.021241
-0.417552
-0.451122
-1.032482
-0.786347
-0.795140
-0.481597
-0.935387
-0.466359
-0.827505
-0.542547
-1.388493
-0.115897
-1.161940
-0.694922
-1.388493
-0.512072
-0.935387
0.127904
-1.161940
0.463129
-0.946176
0.645979
-1.302187
0.249804
-0.406763
0.371704
-0.708834
0.478366
-0.234152
0.082191
-0.104693
0.127904
0.078707
-0.451122
0.531814
-0.359697
1.028073
-0.862535
0.661272
-0.771109
0.963343
-1.060622
0.477872
-0.862535
1.006496
-1.228235
0.877037
-1.395847
0.801520
-1.030147
0.823096
-0.222559
1.049649
-0.161609
0.779943
-0.496834
0.186590
-0.481597
1.146743
-0.054946
0.369990
0.265041
1.157531
0.066954
0.769155
0.006004
0.898614
-0.603497
0.866249
-1.258710
1.017284
-0.969197
1.459602
-0.801584
0.564178
-0.298747
0.801520
-0.542547
0.618119
-0.649209
0.995708
-1.060622
0.930978
-0.527309
1.060437
-0.161609
1.125167
0.356466
1.179108
0.447891
1.146743
0.280279
2.031379
-0.603497
1.092802
-0.633972
1.459602
-0.466359
1.794038
-0.359697
1.556696
-0.329222
2.225567
-0.923485
2.376603
-1.136810
2.721827
-0.801584
2.678674
-0.938722
1.610638
-0.298747
1.750885
-0.222559
1.200684
0.447891
1.804826
0.173616
1.179108
0.021241
1.545908
-0.054946
1.988226
-0.100659
0.628908
-0.451122
0.747578
0.173616
0.661272
-0.405409
0.984920
-0.359697
0.974131
-0.603497
1.233049
-0.131134
1.125167
0.143141
1.621426
0.356466
1.556696
-0.070184
1.276202
-0.313984
1.135955
-0.908247
0.585755
0.112666
0.272896
0.767879
0.121860
1.087867
0.930978
0.615504
1.071226
0.204091
1.028073
0.127904
1.589061
0.036479
0.995708
0.493604
1.513543
0.127904
1.006496
0.051716
1.254626
0.158379
1.168320
-0.039709
0.952555
0.310754
1.394873
0.188854
1.427238
0.036479
1.653791
0.143141
1.394873
0.021241
1.125167
-0.207322
0.499449
-0.435884
0.413143
0.310754
0.564178
0.234566
0.521025
0.524079
0.132649
0.386941
0.812308
0.112666
0.477872
-0.192084
-0.590164
0.615504
-0.234152
0.600266
-0.633317
-1.014910
-1.107999
0.691692
-1.636623
1.026917
-1.571894
1.270717
-1.668988
1.941167
-1.863176
1.590705
-1.561105
1.301192
-0.946176
1.011679
-1.830811
1.270717
-1.237458
2.063067
-1.766082
1.651655
-1.668988
1.194529
-1.895541
1.164054
-2.251553
1.605942
-1.906329
2.230680
-2.078941
2.200205
-2.294706
2.428768
-2.165247
1.880217
-1.550317
1.575467
-0.903023
1.864980
-0.892234
2.032592
0.111072
1.682130
-1.054058
1.834505
-0.547011
1.316429
-0.633317
1.438329
0.218955
1.484042
0.218955
1.453567
-0.039963
1.270717
-0.633317
1.484042
-0.579375
1.011679
0.218955
0.234566
-0.255728
0.127904
-0.061540
-0.298747
-0.352822
0.006004
-0.730411
0.645979
-0.870658
0.112666
-0.320457
0.006004
-1.021693
0.127904
-0.989329
0.478366
-0.751987
0.539316
-0.751987
0.950729
-1.064846
1.042154
-0.525434
1.316429
0.175802
0.447891
-0.061540
-0.573022
-0.428340
-0.816822
-1.010905
0.143141
-1.453223
1.209767
-1.032482
1.346904
-1.086423
0.066954
-1.248246
-1.807260
-1.485588
-2.005348
-1.172729
-1.136810
-1.366917
0.082191
-1.809235
0.905017
-1.550317
0.767879
-1.755294
0.386941
-1.647411
-0.161609
-1.561105
-0.054946
-1.755294
1.057392
-1.431646
2.108780
-1.248246
1.743080
-0.859870
1.270717
-0.687258
1.560230
-1.215881
2.063067
-1.593470
2.139255
-1.151152
1.605942
-0.892234
0.950729
-0.762775
1.605942
-0.644105
2.337343
-0.460705
2.642093
0.229743
2.215443
0.078707
1.499280
0.801520
-0.481597
0.855461
1.118342
0.197378
1.560230
1.060437
0.752642
1.189896
-0.207322
1.038861
-1.014910
0.715214
-0.725397
0.984920
-0.054946
1.837191
0.021241
0.844673
-0.176847
0.283684
-0.664447
0.165013
-0.633972
0.067919
-0.618734
0.175802
-0.268272
0.531814
-0.740634
0.100284
-1.091097
-0.018387
-1.045385
0.467084
-0.923485
0.499449
-1.045385
0.413143
-1.685360
0.283684
-1.411085
0.186590
-1.913923
0.132649
-1.487272
0.639696
-1.273947
1.179108
-1.395847
0.672061
-2.340573
0.736790
-1.776785
0.628908
-1.243472
0.564178
-0.664447
0.003190
-1.152047
-0.201787
-2.020585
0.316049
-2.005348
-0.417552
-1.395847
-0.493069
0.082191
-0.525434
0.371704
-0.611740
-0.100659
-0.568587
-0.527309
-0.816717
-1.136810
-0.967752
-1.441560
-0.600952
-2.081535
-0.600952
-2.172960
-0.935387
-1.609172
-0.600952
-0.725397
-1.000117
-0.694922
-0.751987
-0.816822
0.024766
-0.953960
-0.201787
-1.441560
-0.514646
-1.411085
-0.741199
-0.390172
-0.029175
-0.618734
0.779943
-0.710159
0.812308
-0.969197
0.380778
-1.136810
1.308567
-0.923485
1.438026
-1.532985
1.351720
-1.776785
0.909402
-1.746310
0.887825
-1.472035
0.542602
-1.121572
0.877037
-0.603497
0.758367
-0.633972
0.758367
-0.938722
0.283684
-1.776785
0.240531
-1.197760
0.218955
-1.334897
0.121860
-0.984435
0.078707
-0.847297
0.067919
-1.060622
0.240531
-0.725397
0.790731
-0.771109
0.456296
-0.344459
0.618119
-0.329222
0.510237
-0.527309
0.661272
-0.329222
0.747578
-0.009234
0.812308
-0.039709
1.060437
0.082191
0.747578
-0.222559
0.661272
-0.618734
0.801520
-0.877772
0.521025
-0.923485
0.564178
-0.771109
0.499449
-0.344459
1.006496
-0.832059
1.179108
-0.984435
2.236356
-1.593935
1.934285
-1.091097
1.524332
-0.100659
1.222261
0.508841
1.880344
-0.085421
1.643002
-0.009234
1.740097
0.234566
1.761673
-0.039709
1.017284
0.417416
0.488661
0.783117
1.373296
0.783117
0.995708
1.225004
0.877037
1.285954
-0.018387
1.194529
-0.115481
1.026917
0.294472
1.179292
0.693637
0.417416
1.491967
0.066954
1.427238
-0.283509
1.448814
-0.100659
1.567485
0.813592
1.416449
0.905017
1.545908
1.484042
2.430544
0.645979
1.060437
-0.024471
0.057131
-0.054946
-0.234152
-0.405409
-0.417552
-0.496834
-0.751987
-0.344459
-1.507164
-0.527309
-0.741199
-0.816822
-0.600952
-1.212997
0.208166
-1.380610
0.100284
-1.456797
0.283684
-2.127248
0.089496
-2.675798
0.521025
-2.934836
0.984920
-3.071974
0.596543
-3.361486
1.060437
-3.513861
1.060437
-3.757662
0.359202
-4.016699
-0.676470
-3.148161
-1.615047
-2.081535
-2.294706
-0.938722
-2.445741
-0.588259
-3.093035
-0.633972
-3.686389
-0.024471
-3.125400
0.767879
-2.499682
0.661216
-1.658199
0.889779
-1.571894
0.036479
-1.183517
-0.100659
-1.064846
-0.344459
-0.892234
-1.487272
-1.302187
-1.472035
-0.525434
-2.492948
-0.687258
-1.792023
-1.399282
-1.319660
-0.288093
-0.420647
-3.049883
0.356466
-1.086423
0.798354
-1.571894
0.752642
-1.118787
1.423092
-0.180210
1.682130
-0.007599
1.819267
-1.356129
1.788792
-0.255728
1.712605
-0.600952
0.920254
-0.072328
0.082191
0.316049
0.006004
-0.417552
-0.039709
-0.374399
0.280279
0.175802
-0.953960
-0.590164
-1.197760
-0.309669
-0.832059
-1.334552
-0.466359
-1.528741
0.280279
-0.493069
0.447891
-0.309669
-0.268272
0.272896
-0.801584
0.175802
-0.573022
-0.223363
0.051716
-0.385187
0.539316
-0.050751
0.356466
-0.190999
0.371704
-0.180210
0.234566
-0.104693
-0.161609
0.165013
-0.253034
1.211473
-0.009234
0.413143
0.554554
0.445508
0.630741
0.672061
0.463129
0.013978
-0.009234
-0.439128
0.615504
-0.611740
1.240242
-0.137057
1.270717
-0.331246
1.209767
-0.212575
1.103104
-0.288093
1.255479
-1.010905
1.087867
-0.363610
0.706929
-0.406763
0.600266
0.067919
-0.039709
0.369990
-0.542547
0.348413
-0.283509
0.369990
0.021241
0.661272
0.310754
0.510237
0.386941
1.060437
0.112666
0.251319
0.432654
0.564178
-0.405409
0.790731
-0.999672
1.233049
-0.816822
0.877037
-0.527309
0.564178
0.524079
0.898614
0.752642
0.434719
0.463129
0.445508
1.057392
0.542602
0.996442
0.208166
1.407855
0.132649
2.063067
0.326837
1.834505
-0.158634
1.164054
-0.169422
1.301192
0.402355
1.026917
0.046343
1.285954
0.229743
1.407855
0.262108
0.645979
0.067919
0.036479
-0.751987
0.280279
-0.180210
0.219329
-0.644105
0.188854
-0.406763
-0.176847
-0.395975
0.402179
-0.805928
0.356466
-0.892234
0.021241
-0.557799
-0.527309
-0.611740
-0.557784
-1.140364
-0.755872
-0.946176
-0.679684
-1.172729
-0.070184
-1.399282
0.325991
-0.428340
0.036479
-1.086423
0.905017
-0.816717
0.661216
-0.633317
0.234566
-0.190999
-0.024471
-0.277305
0.554554
-0.449916
0.432654
-0.644105
-0.009234
-0.169422
-0.115897
-0.342034
-0.070184
-1.517952
0.066954
-1.323764
0.036479
-1.118787
0.143141
-1.280611
0.265041
-0.784352
0.097429
-1.528741
-0.115897
-1.528741
-0.054946
-1.161940
0.143141
-1.107999
0.143141
-0.849081
0.752642
0.262108
0.630741
-0.428340
0.097429
-0.460705
1.118342
-0.320457
1.758317
-0.104693
1.621180
0.305260
1.148817
0.833884
0.783117
0.779943
1.362142
1.297779
0.661216
1.643002
-0.222559
2.700250
-0.420647
2.840497
0.127904
1.794038
0.676454
1.599849
0.889779
2.355026
-0.131134
2.387391
-0.938722
2.311873
-0.953960
3.045474
-0.984435
3.142568
-0.451122
2.322661
-0.557784
1.955861
-0.512072
1.923497
-0.344459
1.804826
-0.115897
1.912708
-0.603497
2.193203
-1.685360
1.847979
-1.609172
1.869555
-1.273947
1.243837
-0.649209
1.599849
-0.359697
0.747578
-0.984435
0.456296
-1.075860
0.596543
-1.670123
0.359202
-2.051060
0.240531
-1.472035
-0.989329
-0.710159
-1.151152
-0.420647
-0.762775
-0.176847
-0.665681
0.143141
-0.870658
0.112666
-1.054058
0.432654
-0.870658
0.539316
-0.644105
0.600266
-0.525434
0.463129
-0.244940
-0.039709
-0.838293
-0.222559
-0.881446
-0.390172
-0.223363
-0.100659
-0.104693
-0.298747
-0.029175
-0.131134
-0.093904
-0.588259
-0.115481
-0.222559
-0.126269
-0.298747
-0.169422
0.036479
-0.417552
-0.039709
-0.374399
-0.253034
-0.104693
-0.313984
-0.903023
0.143141
-0.039963
0.234566
-0.676470
0.691692
-0.449916
1.011679
-0.093904
0.310754
0.046343
-0.374934
-0.406763
-0.207322
-0.568587
-0.283509
-1.194305
0.127904
-0.687258
0.021241
-0.083116
-0.222559
0.272896
-0.435884
-0.309669
-0.329222
-0.374399
-0.451122
-0.201787
-0.207322
-0.449916
-0.176847
-0.935387
0.082191
-1.075634
0.508841
-1.323764
0.569791
-0.730411
0.234566
-1.431646
-0.146372
-0.892234
-0.435884
-0.352822
-0.664447
-0.611740
-0.938722
-1.086423
-0.512072
-1.010905
-0.009234
-1.410070
0.859304
-1.205093
1.240242
-1.755294
1.225004
-1.701352
0.386941
-1.873964
0.432654
-1.615047
-0.725397
-1.334552
-0.679684
-2.132882
-0.344459
-1.356129
-0.283509
-0.903023
-0.512072
-1.830811
-0.679684
-1.140364
-0.786347
-0.590164
-0.847297
-0.525434
-0.755872
-1.388493
-0.298747
-0.115481
-0.512072
0.089496
-0.557784
-0.644105
-0.633972
-0.611740
-0.466359
-0.547011
-0.390172
-1.312976
-1.319660
-1.323764
-0.344459
-1.323764
-1.045385
-1.032482
-0.527309
-0.892234
0.874542
-1.550317
2.230680
-1.312976
2.520193
-1.097211
1.423092
-1.205093
0.432654
-1.000117
-0.161609
-0.751987
-0.268272
-0.795140
0.325991
-0.859870
0.767879
-1.464011
0.661216
-1.323764
0.813592
-0.730411
0.524079
-1.215881
0.905017
-1.312976
1.285954
-2.122094
1.392617
-1.043270
1.514517
-0.903023
1.026917
-0.892234
1.270717
-1.010905
1.179292
0.154225
0.798354
-0.104693
1.209767
0.111072
0.920254
0.197378
0.371704
0.542602
-0.115897
0.089496
0.432654
-0.061540
0.234566
0.067919
0.066954
-0.029175
0.097429
0.240531
0.889779
-0.223363
1.316429
-0.039963
1.346904
-0.493069
0.097429
-0.050751
-0.146372
0.316049
-0.679684
0.165013
-0.527309
0.186590
-0.329222
0.143437
-0.329222
0.542602
-0.557784
0.499449
-0.588259
0.596543
-0.527309
0.779943
-0.207322
0.607331
0.204091
0.132649
0.676454
0.974131
0.783117
0.823096
0.188854
1.103590
0.493604
0.952555
0.600266
0.866249
0.630741
1.319355
0.600266
1.319355
0.417416
0.941767
0.508841
0.402355
0.478366
0.003190
0.859304
0.078707
0.920254
-0.093904
1.133579
0.186590
1.026917
0.682849
0.508841
0.564178
0.432654
-0.007599
0.478366
0.208166
0.280279
0.574966
0.127904
0.143437
0.265041
0.013978
0.585029
0.089496
0.615504
0.801520
0.341229
0.423931
0.371704
-1.000117
0.996442
-0.471493
0.965967
0.316049
0.844067
1.006496
0.722167
0.855461
0.036479
1.114378
-0.466359
0.920190
-0.237797
0.574966
-0.618734
0.337625
-0.573022
-0.590164
-0.344459
-0.363610
-0.329222
-0.557799
-0.771109
0.240531
-0.435884
0.305260
-0.999672
0.132649
-0.725397
-0.061540
-0.176847
-0.708834
-0.085421
-0.147846
-0.512072
0.165013
-0.771109
0.013978
-0.740634
-0.298881
-0.740634
0.348413
-1.014910
0.208166
-1.075860
0.596543
-1.395847
0.553390
-1.060622
0.866249
-1.106335
1.438026
-0.832059
1.761673
-0.390172
0.521025
0.188854
0.024766
0.569791
-0.352822
0.981204
-0.147846
0.661216
-1.615047
0.798354
-1.043270
0.661216
-0.644105
0.280279
-0.935387
0.417416
-0.665681
0.158379
0.369990
0.325991
-0.039963
0.158379
-0.395975
0.554554
-0.223363
0.630741
-0.590164
0.432654
-0.956964
0.889779
-0.600952
1.179292
-1.021693
0.615504
-0.061540
0.447891
-0.385187
-0.024471
-0.352822
0.066954
-0.352822
-0.039709
-0.449916
0.554554
-0.309669
0.188854
-0.083116
-0.207322
0.057131
0.097429
0.208166
0.539316
0.143437
0.508841
-0.342034
0.493604
-0.482281
-0.009234
0.100284
0.082191
0.909402
0.828829
0.758367
0.539316
0.132649
-0.283509
0.186590
-0.344459
-0.374399
-0.405409
-0.180210
-0.496834
0.510237
-0.466359
0.930978
-0.649209
1.125167
-0.771109
1.384085
-0.329222
1.696944
-0.176847
1.632214
-0.253034
1.794038
-0.771109
2.225567
-0.862535
1.653791
-0.512072
1.988226
-0.131134
2.085320
0.402179
1.071226
0.767879
1.718520
0.219329
2.365815
-0.496834
2.700250
-0.542547
3.120991
-0.451122
2.613944
-0.253034
2.117685
-0.039709
2.322661
-0.481597
2.268720
-0.710159
1.934285
-0.633972
1.082014
0.036479
0.628908
0.630741
0.995708
1.057392
1.340932
0.234566
1.286990
-0.176847
0.618119
-0.009234
0.542602
-0.146372
0.165013
-0.176847
0.218955
-0.100659
1.286990
-0.557784
0.984920
-0.085421
1.103590
0.295516
0.467084
0.310754
0.229743
0.356466
-0.741199
0.112666
-0.212575
-0.192084
0.089496
-0.161609
0.132649
-0.039709
-0.439128
0.402179
-0.547011
0.188854
-0.773564
0.402179
-0.644105
0.066954
-0.471493
0.036479
0.402355
0.204091
-0.201787
0.341229
-1.237458
1.148817
-1.215881
0.752642
-0.676470
0.386941
-0.989329
0.569791
-0.698046
0.280279
-1.215881
0.265041
-0.590164
-0.070184
-0.665681
-0.146372
0.057131
0.066954
-0.190999
-0.527309
0.078707
-0.953960
-0.417552
-1.212997
-0.050751
-1.182522
-0.093904
-1.060622
-0.061540
-1.319660
-0.201787
-1.197760
-0.428340
-0.755872
-1.107999
-0.618734
-0.104693
-0.313984
-0.331246
-0.512072
-0.288093
-0.923485
-0.288093
-1.106335
-0.482281
-1.212997
-1.021693
-0.771109
-0.061540
-1.319660
0.003190
-1.212997
-0.050751
-0.679684
-0.255728
-0.161609
-1.075634
0.310754
-0.795140
1.026917
-0.298881
0.645979
-0.093904
-1.654885
-0.374399
-0.725397
-0.849081
-0.740634
-0.903023
-0.542547
-1.032482
-0.420647
0.175802
-1.091097
-0.104693
-0.390172
0.024766
-0.298747
0.132649
0.066954
-0.212575
0.234566
-0.600952
0.051716
-0.946176
-0.009234
-0.751987
0.219329
0.272896
-0.009234
-0.115481
-0.024471
-0.536222
-0.161609
-0.903023
-0.070184
-0.600952
-0.161609
-0.859870
-0.024471
-1.075634
0.127904
-0.741199
0.158379
-0.180210
0.386941
-0.881446
0.371704
-0.924599
0.066954
-1.151152
0.463129
-0.827505
-0.100659
-0.169422
-0.024471
0.121860
-0.344459
-0.018387
-0.268272
-0.061540
0.021241
0.218955
0.691692
0.434719
0.402179
-0.039963
0.813592
-0.417552
1.651655
-0.482281
1.636417
-0.482281
1.164054
-0.029175
1.301192
-0.029175
1.484042
-0.007599
1.316429
-0.298881
0.935492
-0.083116
1.026917
-0.730411
1.072629
-1.054058
1.636417
0.078707
1.240242
0.121860
0.828829
0.704425
1.103104
-0.460705
1.544992
-0.471493
1.621180
-0.342034
1.285954
-0.180210
1.133579
-0.471493
1.057392
0.013978
0.615504
0.100284
0.325991
-0.547011
0.600266
-0.654893
1.225004
-0.568587
0.996442
-0.385187
0.676454
-0.147846
0.234566
0.143437
0.417416
0.078707
0.386941
0.736790
1.103104
1.427238
1.270717
0.229743
0.554554
-0.784352
0.310754
-0.277305
-0.009234
-0.072328
-0.268272
0.423931
-0.085421
0.326837
0.127904
-0.547011
-0.024471
-1.010905
0.386941
-0.514646
1.103104
0.218955
0.874542
0.445508
0.585029
0.165013
0.386941
-0.611740
0.204091
-0.083116
0.021241
-0.439128
-0.344459
-0.773564
-0.374934
0.197378
-0.451122
0.823096
-0.908247
1.308567
-0.679684
0.208166
-0.024471
0.013978
0.082191
-0.223363
0.432654
-0.277305
-0.131134
-0.514646
0.371704
-0.568587
-0.192084
-0.439128
0.310754
0.154225
0.645979
0.132649
0.508841
-0.417552
0.661216
0.402355
0.447891
0.650484
0.143141
0.467084
-0.268272
0.283684
-0.146372
0.650484
0.006004
1.006496
-0.344459
1.394873
-0.694922
1.330143
-0.969197
0.477872
-0.496834
0.067919
-0.633972
0.089496
-0.390172
0.348413
-0.222559
0.046343
0.112666
-0.417552
0.143141
-0.137057
0.051716
-0.503858
0.021241
-0.083116
-0.192084
0.467084
-0.344459
0.229743
0.036479
-0.482281
-0.070184
-0.223363
-0.100659
-0.072328
0.295516
-0.579375
0.661216
-0.687258
0.676454
-1.259035
0.905017
-0.935387
0.661216
-1.043270
0.874542
-0.331246
0.356466
-0.892234
0.143141
-0.870658
0.249804
-0.924599
0.478366
-0.784352
0.402179
-0.967752
0.371704
-1.021693
0.325991
-0.967752
0.645979
-1.010905
0.600266
-1.830811
1.148817
-1.269823
0.950729
-0.644105
0.143141
0.359202
0.112666
-0.234152
-0.253034
-0.449916
-0.009234
-0.633317
0.295516
-0.223363
-0.237797
-0.234152
-0.115897
-0.039963
0.188854
-0.428340
0.783117
-0.460705
0.554554
0.111072
0.478366
0.100284
0.265041
0.661272
0.234566
0.963343
-0.420647
1.006496
-0.283509
0.758367
0.143141
0.585755
0.188854
0.283684
0.295516
0.585755
0.021241
0.402355
-0.344459
-0.665681
0.310754
0.197378
0.295516
-0.180210
0.432654
0.240531
1.209767
0.121860
1.225004
0.067919
-0.070184
-0.050751
1.697367
0.111072
1.453567
0.434719
-0.496834
0.434719
0.783117
0.111072
0.417416
0.467084
0.127904
0.272896
-0.009234
-0.093904
0.066954
-0.751987
0.325991
-0.514646
0.265041
-0.568587
0.295516
-0.547011
0.478366
-0.493069
0.737404
-0.730411
0.371704
-0.266516
0.798354
-0.547011
1.407855
0.337625
0.661216
-0.255728
0.508841
-0.395975
0.295516
-1.269823
-0.435884
-0.956964
-2.096773
-0.363610
-0.984435
-0.600952
-0.466359
-0.892234
-0.283509
-0.698046
-0.313984
-0.503858
-0.573022
0.456296
-1.243472
0.369990
-1.837735
0.369990
-1.990110
0.402355
-1.609172
0.186590
-1.624410
0.391566
-1.411085
0.456296
-1.563460
0.132649
-1.365372
0.272896
-1.334897
0.413143
-1.517747
0.628908
-1.883448
0.952555
-1.700598
1.233049
-1.380610
0.574966
-1.212997
1.071226
-1.517747
1.006496
-1.456797
0.337625
-0.908247
-0.600952
-0.938722
0.175802
-0.847297
0.035554
-1.304422
-0.072328
-1.014910
0.553390
-0.984435
0.143437
-0.862535
0.078707
-1.091097
0.855461
-1.929160
0.628908
-2.051060
0.553390
-2.371048
0.542602
-2.066298
0.715214
-1.807260
0.920190
-1.670123
1.599849
-1.670123
0.941767
-2.172960
0.984920
-1.944398
1.308567
-1.563460
0.186590
-0.984435
-0.190999
-0.801584
-0.007599
-1.075860
-0.633317
-0.755872
-0.331246
-1.212997
-0.126269
-0.862535
-0.363610
-0.679684
-0.029175
-0.207322
-0.061540
-0.405409
0.078707
-0.557784
-0.633317
-0.542547
-0.169422
-0.374934
0.359202
-0.039709
0.348413
-0.024471
0.596543
-0.481597
0.898614
-0.298747
-0.147846
-0.435884
0.650484
-0.710159
1.082014
-0.329222
0.326837
0.600266
1.297779
0.295516
1.427238
-0.039709
1.524332
-0.832059
1.427238
-0.527309
1.729308
-0.405409
2.020591
-0.054946
1.794038
-0.588259
1.923497
-0.725397
2.052955
-0.938722
1.578273
-0.100659
1.783249
-0.283509
2.139262
-0.359697
2.063744
-0.694922
2.355026
-0.832059
2.063744
-1.030147
2.365815
-0.451122
2.009803
-0.176847
1.880344
-0.054946
1.761673
0.341229
2.009803
0.585029
1.664579
0.173616
1.157531
0.310754
1.427238
-0.496834
0.154225
-0.588259
0.208166
-0.344459
0.488661
-0.115897
0.402355
-0.359697
0.326837
-0.374934
-0.061540
-0.131134
-0.061540
0.295516
-0.029175
0.356466
-0.568587
0.325991
0.089496
-0.192084
-0.374399
-0.542547
-0.201787
-0.847297
-0.568587
-0.999672
-0.395975
-0.283509
-0.449916
0.188854
-0.698046
0.265041
-0.741199
-0.313984
-0.892234
-1.045385
-1.280611
-0.359697
-0.665681
-0.329222
-0.547011
0.417416
-0.579375
1.316429
-0.395975
1.316429
-1.086423
1.285954
-0.320457
1.057392
-0.428340
0.645979
-0.417552
-0.192084
0.143437
-1.106335
0.423931
-0.999672
0.272896
-0.283509
-0.007599
-0.009234
-0.600952
0.676454
-0.385187
1.042154
0.218955
0.645979
-0.439128
0.722167
-0.298881
0.432654
0.434719
-0.512072
-0.244940
-1.289185
-0.190999
-0.786347
-0.989329
0.066954
-0.137057
-0.161609
0.089496
0.097429
-0.083116
0.402179
-0.600952
1.042154
0.067919
0.767879
-0.363610
0.447891
-0.838293
0.402179
-0.460705
0.524079
-0.676470
0.524079
-1.809235
0.402179
0.100284
0.143141
-0.352822
0.173616
-0.363610
0.706929
-0.137057
0.935492
0.208166
0.554554
-0.428340
0.508841
-0.773564
0.874542
-1.388493
1.590705
-1.269823
1.590705
-1.798447
1.864980
-1.377705
1.773555
-1.496376
1.788792
-1.129575
1.651655
-1.873964
1.697367
-1.906329
1.941167
-1.755294
2.017355
-1.312976
1.971642
-1.377705
2.078305
-1.161940
1.666892
-0.708834
1.743080
-0.956964
1.438329
-1.118787
1.346904
-1.118787
1.499280
-0.870658
1.484042
-0.633317
1.392617
-0.277305
0.950729
0.046343
0.447891
-0.417552
0.204091
0.078707
0.386941
-0.029175
0.280279
1.049649
0.173616
1.340932
-0.557784
1.427238
-1.060622
1.545908
-0.649209
1.718520
-0.435884
1.200684
-0.740634
1.211473
-1.014910
1.114378
-1.670123
1.146743
-1.700598
0.467084
-0.481597
0.143437
0.249804
-0.039963
0.630741
0.456296
0.539316
0.359202
0.447891
0.930978
0.188854
-0.449916
0.585029
-0.557799
0.112666
-0.503858
0.051716
-1.075634
-0.054946
-1.420858
0.082191
-1.107999
0.112666
-0.698046
0.341229
-0.083116
0.173616
0.229743
-0.085421
0.445508
-0.085421
0.467084
-0.283509
0.251319
-0.466359
0.682849
-0.801584
0.995708
-1.456797
1.470390
-1.045385
0.833884
-1.197760
1.222261
-1.182522
0.726002
-1.411085
0.521025
-1.472035
0.305260
-1.121572
0.057131
-1.273947
-0.309669
-1.639647
-0.600952
-1.167285
-0.881446
-0.573022
-1.269823
-0.573022
-1.248246
-0.451122
-1.561105
-0.390172
-2.176035
-0.374934
-2.337858
-0.207322
-1.809235
-0.390172
-2.208400
0.417416
-2.920424
0.905017
-2.445741
0.859304
-1.981847
0.447891
-1.971058
0.249804
-1.064846
-0.161609
-0.525434
-0.298747
-1.399282
-0.039709
-0.773564
0.280279
-0.266516
0.006004
-0.773564
-0.039709
-0.827505
-0.070184
-0.266516
-0.100659
-0.309669
-0.222559
-1.054058
0.447891
-0.331246
0.219329
-0.536222
0.188854
-0.741199
0.036479
-0.568587
-0.131134
-0.870658
0.143141
-0.719622
-0.024471
-0.870658
-0.313984
-0.903023
0.188854
-0.234152
0.706929
-0.104693
0.691692
0.833884
0.051716
0.823096
-0.953960
1.308567
-0.999672
1.696944
-1.167285
1.491967
-1.167285
1.362508
-1.060622
1.481179
-1.075860
1.319355
-1.807260
1.189896
-1.593935
1.211473
-1.639647
0.747578
-1.243472
0.639696
-1.319660
0.542602
-1.532985
-0.309669
-0.923485
-0.029175
-0.832059
-0.719622
-0.588259
0.132649
-0.192084
0.111072
-0.374934
-0.568587
-0.268272
-0.298881
-0.146372
0.283684
0.143141
-0.007599
0.447891
1.049649
0.066954
-0.568587
0.021241
-0.557799
0.127904
-1.097211
0.493604
-1.226670
0.828829
-1.194305
0.630741
-1.356129
1.164054
-1.312976
1.087867
-1.873964
1.362142
-1.302187
1.605942
0.078707
1.316429
0.369990
0.859304
0.316049
1.103104
0.067919
1.164054
-0.773564
1.514517
-0.374399
1.743080
0.013978
1.849742
0.628908
1.712605
1.017284
1.590705
0.995708
1.240242
1.179108
0.661216
1.869555
0.188854
1.459602
0.127904
1.286990
0.082191
1.999014
-0.222559
2.117685
-0.146372
1.653791
0.539316
0.833884
0.539316
0.316049
0.600266
-0.234152
1.331667
-0.212575
1.788792
-0.935387
2.017355
-0.158634
1.895455
-0.266516
1.301192
0.251319
1.087867
0.855461
0.691692
0.877037
0.478366
0.984920
0.706929
1.200684
0.402179
1.157531
0.493604
1.276202
1.423092
1.135955
1.910692
0.898614
2.611618
-0.061540
3.083980
0.046343
2.901130
-0.687258
2.383055
-0.514646
2.398293
-0.244940
3.053506
-0.395975
3.312543
-0.514646
2.931605
-0.795140
3.053506
-0.654893
2.657330
-0.579375
2.444005
0.456296
1.925930
-0.007599
1.575467
0.111072
1.697367
0.121860
1.560230
0.262108
1.316429
-0.061540
1.179292
-0.288093
1.240242
-0.676470
1.438329
-1.712141
1.209767
-1.755294
1.011679
-1.863176
1.103104
-2.111305
0.859304
-2.068153
1.026917
-1.949482
0.554554
-1.830811
0.082191
-1.895541
0.127904
-1.744505
0.219329
-1.550317
0.493604
-1.776870
0.905017
-2.629141
1.011679
-2.715447
1.453567
-2.402588
1.773555
-2.726235
1.285954
-1.539529
1.636417
-1.248246
1.011679
-1.172729
0.600266
-1.334552
0.645979
-0.395975
1.133579
-0.795140
1.240242
-0.104693
0.950729
-0.385187
0.798354
-0.029175
1.011679
-0.104693
1.087867
-0.331246
0.905017
-0.547011
0.478366
-0.244940
0.524079
0.078707
0.463129
0.186590
0.447891
0.467084
0.310754
0.143437
0.310754
0.402355
0.249804
0.154225
0.204091
0.165013
0.615504
0.078707
0.447891
0.467084
0.432654
0.003190
0.371704
-0.223363
0.249804
0.240531
0.249804
0.531814
0.325991
1.049649
0.265041
1.222261
-0.100659
2.333450
-0.085421
1.891132
-0.451122
2.247144
-0.999672
1.880344
-1.441560
2.214779
-1.609172
2.052955
-1.670123
2.106896
-1.365372
2.214779
-1.792023
2.203991
-1.319660
1.621426
-1.395847
2.247144
-1.334897
1.923497
-1.487272
1.643002
-1.395847
1.459602
-1.152047
1.567485
-2.538661
1.545908
-1.152047
1.146743
-1.563460
1.189896
-1.106335
0.844673
-0.405409
0.391566
0.265041
0.272896
0.356466
0.337625
-0.070184
0.844673
-0.603497
0.272896
-0.512072
0.413143
-0.253034
1.157531
-0.268272
0.779943
-1.197760
0.574966
-1.715835
0.402355
-2.081535
0.628908
-2.051060
0.682849
-1.609172
-0.072328
-1.868210
-0.298881
-1.624410
-0.029175
-1.792023
0.046343
-1.990110
-0.568587
-1.685360
0.154225
-1.624410
0.337625
-1.502510
0.920190
-1.883448
1.621426
-2.218673
1.955861
-2.218673
2.074532
-2.477710
1.135955
-1.974873
0.693637
-1.837735
0.596543
-1.700598
0.877037
-1.472035
0.974131
-1.639647
0.488661
-1.197760
0.618119
-1.563460
1.082014
-1.563460
0.607331
-1.212997
0.089496
-0.679684
0.003190
-0.390172
0.132649
-0.649209
-0.288093
-0.573022
-0.730411
-0.207322
-0.093904
-0.435884
1.006496
-0.542547
0.747578
-1.075860
0.542602
-1.380610
0.596543
-1.319660
0.186590
-1.060622
-0.093904
-0.969197
-0.374399
-1.243472
-0.147846
-0.862535
-0.137057
-1.060622
-0.039963
-1.441560
-0.514646
-0.969197
-0.805928
-0.953960
-1.010905
-0.786347
-1.075634
-0.359697
-0.827505
-0.390172
-0.741199
-1.152047
-0.849081
-1.700598
0.013978
-1.563460
-1.269823
-1.197760
-1.226670
-0.923485
-0.115481
-1.289185
-0.644105
-1.502510
-0.870658
-1.045385
-0.708834
-1.380610
-0.493069
-1.426322
-0.503858
-1.136810
0.035554
-0.512072
-0.298881
-0.527309
0.035554
-0.953960
-0.007599
-0.801584
0.089496
-0.603497
-0.611740
-0.192084
-0.234152
0.021241
0.995708
-0.435884
1.028073
-0.801584
0.769155
-0.755872
1.589061
-0.832059
0.909402
-0.588259
0.952555
-0.481597
0.574966
-0.557784
0.380778
-0.329222
-0.050751
-0.298747
-0.126269
-0.283509
-0.547011
0.173616
-1.021693
0.219329
-1.615047
0.386941
-1.615047
1.072629
-1.474799
0.737404
-0.967752
0.737404
-0.730411
1.423092
-0.493069
1.484042
-0.482281
1.438329
-0.223363
1.103104
0.208166
0.630741
-0.611740
0.600266
-0.460705
1.103104
-0.083116
0.965967
0.013978
0.844067
-0.212575
0.844067
-0.158634
0.661216
-1.194305
0.783117
-1.075634
1.011679
-1.237458
0.600266
-1.604258
0.661216
-1.625835
1.179292
-1.226670
0.920254
-0.460705
0.645979
-0.547011
0.493604
-0.687258
0.265041
-0.644105
0.615504
-0.611740
0.676454
-0.611740
0.310754
-1.259035
-0.664447
-1.420858
0.402179
-1.388493
0.402179
-0.859870
0.630741
-1.507164
0.127904
-1.356129
-0.039709
-1.377705
0.127904
-0.288093
-0.237797
-0.838293
-0.131134
-0.816717
-0.466359
-1.064846
-0.649209
-0.503858
-1.152047
0.531814
-0.816822
-0.115481
-0.908247
-0.298881
-0.755872
-0.547011
-0.679684
-0.309669
-0.969197
-0.913811
-1.106335
-0.956964
-1.121572
-0.557799
-0.481597
-0.439128
0.143141
-0.460705
0.066954
-1.118787
0.310754
-1.129575
0.325991
-0.903023
-0.146372
-0.881446
-0.420647
-0.503858
-0.298747
0.046343
-0.253034
0.531814
-0.435884
0.801520
-0.496834
0.391566
-0.496834
0.650484
-0.313984
0.467084
0.280279
0.035554
0.295516
-0.698046
0.722167
-0.309669
0.813592
0.003190
0.965967
-0.600952
1.544992
-0.633317
1.773555
0.218955
1.864980
0.078707
1.270717
0.488661
0.691692
0.963343
0.112666
1.373296
-0.588259
1.038861
-1.136810
1.319355
-0.862535
1.621426
-1.121572
1.351720
-0.847297
1.082014
-0.176847
0.855461
-0.009234
0.823096
0.036479
0.369990
0.006004
-0.126269
-0.039709
-0.493069
-0.009234
-0.547011
0.493604
-0.859870
0.325991
-1.215881
0.280279
-1.269823
-0.359697
-1.528741
-0.161609
-1.399282
0.188854
-1.172729
0.783117
-1.615047
0.630741
-1.733717
0.859304
-1.075634
0.828829
-0.514646
0.920254
-0.741199
0.859304
-0.417552
0.600266
0.208166
0.112666
0.337625
-0.344459
0.305260
-0.618734
0.165013
-0.405409
0.898614
-0.496834
1.470390
-0.435884
0.208166
-0.786347
-0.007599
-0.618734
0.229743
-0.694922
0.348413
-0.329222
0.326837
-0.390172
0.531814
0.082191
0.240531
0.386941
-0.719622
0.173616
0.229743
-0.115897
-0.029175
-0.420647
-0.083116
-0.009234
-0.104693
0.173616
-0.460705
0.554554
-0.471493
0.965967
-0.061540
0.981204
-0.385187
0.950729
-0.255728
-0.146372
-0.061540
0.082191
0.121860
0.737404
0.488661
1.103104
0.715214
0.783117
1.114378
0.249804
1.373296
-0.649209
0.510237
-0.786347
0.726002
-0.953960
0.898614
-0.984435
1.006496
-1.502510
0.272896
-0.938722
-0.190999
-0.222559
0.359202
0.219329
-0.223363
0.524079
0.143437
0.676454
0.542602
0.265041
0.510237
-0.481597
0.467084
-0.298747
0.607331
0.112666
0.165013
0.066954
0.326837
-0.603497
0.369990
-0.725397
-0.158634
-0.512072
0.057131
0.051716
0.477872
-0.344459
-0.050751
-0.420647
0.283684
-0.253034
0.488661
-0.085421
-0.029175
0.066954
-0.061540
0.036479
-0.698046
0.219329
-1.356129
0.844067
-1.539529
1.362142
-1.615047
1.148817
-2.068153
0.874542
-1.906329
0.600266
-1.841600
0.737404
-1.571894
0.905017
-1.873964
1.057392
-1.442435
0.828829
-0.935387
0.600266
-0.600952
0.767879
-0.579375
1.103104
-0.093904
0.783117
0.229743
0.249804
1.017284
-0.344459
1.017284
-0.313984
1.189896
-0.222559
1.621426
-0.009234
1.707732
-0.253034
1.114378
0.036479
0.046343
0.417416
-0.482281
0.950729
-0.503858
1.209767
-0.622528
2.184968
-0.417552
2.550668
0.165013
2.078305
0.121860
1.712605
0.413143
1.103104
0.726002
0.783117
0.531814
1.118342
0.930978
0.783117
1.438026
0.539316
2.020591
0.066954
1.729308
0.036479
1.966650
-0.024471
2.052955
-0.344459
2.376603
0.066954
2.042167
0.402179
2.301085
0.295516
2.797344
-0.176847
3.293603
0.935492
3.498580
1.712605
2.430544
1.773555
2.570791
1.285954
2.560003
0.539316
2.096108
0.356466
1.923497
0.432654
1.308567
0.493604
1.999014
0.127904
2.020591
-0.176847
2.020591
-0.374934
1.589061
-0.481597
2.268720
-0.390172
2.851285
-0.633972
3.477003
-0.908247
2.937591
-0.664447
2.311873
-0.588259
3.487792
-0.070184
3.520156
-0.237797
2.883650
-0.283509
2.473697
0.432654
0.391566
0.463129
0.672061
0.661216
0.693637
0.143141
0.434719
-0.161609
0.240531
-0.070184
1.168320
-0.131134
1.373296
-2.127248
0.380778
-0.207322
0.003190
0.066954
-0.428340
0.112666
0.154225
-0.176847
-0.309669
0.371704
0.866249
-0.009234
0.186590
-0.984435
0.229743
-1.350135
-0.579375
-1.182522
-0.913811
-1.014910
0.294472
-0.557784
1.308567
-1.152047
0.402355
-1.273947
-0.007599
-1.639647
-0.439128
-1.304422
0.057131
-1.395847
0.898614
-1.517747
1.837191
-2.112010
1.233049
-1.990110
0.434719
-2.172960
-0.751987
-2.051060
-0.946176
-1.517747
-1.291399
-0.725397
-1.075634
-0.710159
-0.201787
-0.847297
0.046343
-1.380610
-0.751987
-1.152047
-1.129575
-0.649209
-1.161940
-0.573022
-0.482281
-0.862535
0.693637
-1.502510
1.114378
-2.112010
1.006496
-1.593935
0.413143
-1.289185
-0.600952
-0.908247
-0.935387
-0.253034
-1.129575
-0.298747
-0.676470
-1.228235
-0.115481
-1.060622
-0.449916
-1.258710
-0.147846
-0.953960
-0.870658
-0.649209
-0.536222
-0.908247
-0.385187
-1.228235
-0.050751
-0.908247
-0.892234
-0.466359
-1.075634
0.417416
-1.237458
0.112666
-1.215881
-0.115897
-1.107999
-0.222559
-0.665681
0.021241
-0.029175
0.493604
0.521025
0.706929
-0.234152
0.539316
-0.115481
1.164054
0.909402
0.432654
0.661272
0.021241
-0.644105
0.325991
-0.126269
0.493604
0.111072
-0.313984
-0.903023
1.255479
-1.863176
1.316429
-1.183517
1.148817
-0.309669
0.524079
-0.428340
1.301192
0.607331
0.844067
-0.493069
0.158379
0.272896
-0.115897
-0.137057
-0.161609
-0.493069
0.554554
-1.021693
1.225004
-1.140364
1.423092
-0.870658
1.042154
-1.043270
0.371704
-2.532047
0.615504
-3.146977
1.925930
-3.190130
2.139255
-1.453223
1.666892
-1.388493
1.560230
-1.107999
2.017355
-1.852388
3.099218
-1.971058
2.794468
-2.542835
2.885893
-2.618353
2.337343
-2.348647
2.124017
-2.402588
1.971642
-2.122094
2.306868
-1.992635
1.605942
-1.269823
1.255479
-1.647411
1.255479
-2.143670
1.605942
-2.499682
1.804030
-2.629141
2.139255
-1.766082
1.864980
-1.755294
1.529755
-0.309669
0.767879
-0.730411
0.554554
-0.687258
-0.024471
-1.787658
0.295516
-1.873964
0.630741
-1.528741
0.417416
-0.795140
-0.070184
0.564178
-0.786347
0.898614
-1.182522
-0.039963
-0.512072
0.305260
-0.359697
-0.212575
-0.466359
-0.439128
-0.725397
0.165013
0.112666
-0.439128
-0.054946
1.060437
-0.176847
1.362508
-0.771109
0.596543
-0.725397
-0.072328
-0.451122
-1.356129
-0.496834
-1.183517
-0.862535
-0.439128
-1.380610
0.024766
-1.837735
-0.989329
-0.557784
-0.967752
-0.054946
-1.259035
0.158379
-1.151152
0.386941
-0.881446
-0.481597
-0.892234
-0.344459
-0.956964
-0.192084
-1.064846
0.051716
-1.302187
0.295516
-1.971058
-0.466359
-0.773564
-0.786347
-0.525434
-0.588259
-1.075634
-0.131134
-1.884752
0.630741
-1.917117
1.225004
-0.838293
0.447891
-0.126269
-0.237797
-0.698046
-0.755872
-1.107999
-0.390172
-1.755294
-0.374934
-1.464011
0.173616
-0.255728
-0.329222
0.639696
-0.984435
1.060437
-0.816822
-0.320457
-0.054946
-1.064846
0.006004
-2.057364
0.417416
-1.474799
0.447891
-0.644105
-0.313984
-0.536222
-0.146372
-1.226670
0.234566
-1.442435
0.569791
-1.021693
0.249804
0.197378
-0.740634
0.326837
-1.578698
-0.417552
-1.715835
-0.827505
-0.710159
-1.291399
0.447891
-0.751987
0.051716
-1.366917
-0.207322
-1.431646
0.722167
-1.345340
1.087867
-0.676470
1.255479
0.024766
0.295516
-0.061540
-0.146372
-1.129575
0.143141
-1.107999
1.026917
-1.302187
1.407855
-0.827505
1.331667
-0.568587
1.148817
-1.107999
1.026917
-1.118787
0.935492
-1.593470
1.057392
-1.215881
1.057392
-0.654893
0.539316
-0.471493
0.356466
-0.644105
0.493604
-0.460705
0.569791
-0.255728
0.143141
0.650484
-0.329222
1.470390
-0.847297
-0.169422
-0.862535
-0.309669
0.127904
-0.870658
0.493604
-0.201787
0.859304
-0.277305
0.280279
0.208166
-0.176847
0.704425
-0.192084
0.499449
-0.405409
0.974131
-0.390172
0.650484
-0.435884
0.920190
-0.710159
2.031379
-1.426322
1.254626
-1.792023
0.682849
-1.868210
0.715214
-1.319660
1.308567
-1.502510
0.963343
-2.127248
0.930978
-2.142485
0.423931
-1.487272
0.779943
-1.106335
0.963343
-0.557784
0.952555
-1.152047
-0.751987
-1.197760
-0.514646
-0.923485
0.499449
-0.222559
0.628908
-0.283509
0.682849
-0.542547
0.995708
-1.014910
0.391566
-1.182522
-0.741199
-1.014910
-0.547011
-0.161609
0.186590
-0.054946
0.089496
0.006004
-0.234152
-0.298747
-0.395975
0.325991
-0.579375
-0.039709
-0.611740
-0.070184
-0.266516
-0.588259
-0.665681
-0.664447
-0.816717
-0.908247
-0.428340
-0.832059
0.154225
-0.573022
0.542602
-0.039709
0.682849
-0.313984
0.057131
-0.496834
-0.115481
-0.420647
-0.665681
-0.176847
-0.255728
-0.329222
0.218955
0.341229
0.445508
0.280279
1.351720
-0.054946
1.340932
-0.283509
0.747578
-0.466359
1.006496
-0.161609
1.826403
-0.374934
1.470390
-0.435884
1.438026
-0.633972
1.362508
-0.374934
0.855461
-0.100659
0.855461
0.234566
1.696944
0.097429
2.279508
-0.390172
1.535120
-0.481597
0.488661
0.051716
-0.244940
1.240242
0.930978
1.758317
1.664579
1.575467
1.168320
1.423092
0.413143
1.636417
-0.374399
1.590705
-0.126269
1.148817
0.866249
0.737404
0.693637
-0.054946
0.812308
-0.131134
0.521025
-0.070184
0.186590
-0.329222
0.769155
-0.176847
1.254626
-0.481597
0.747578
-0.649209
0.218955
-0.527309
1.114378
-0.146372
0.984920
-1.075860
0.747578
-0.649209
0.553390
-0.313984
-0.816717
-0.329222
-0.590164
-0.344459
0.661272
-0.542547
0.747578
-0.649209
0.531814
-0.253034
0.413143
-0.329222
0.456296
-0.603497
1.362508
-0.938722
1.233049
-0.847297
1.330143
0.082191
1.362508
0.569791
0.887825
0.630741
0.952555
0.097429
1.200684
-0.710159
1.103590
-0.969197
0.391566
-0.771109
0.823096
-0.085421
0.887825
0.280279
1.308567
0.889779
1.373296
0.950729
0.531814
1.087867
0.456296
1.026917
0.283684
0.783117
1.621426
0.798354
1.837191
0.676454
1.632214
1.072629
1.157531
1.301192
0.909402
1.346904
0.866249
1.057392
0.154225
1.118342
0.251319
0.844067
0.618119
0.112666
1.060437
-0.329222
0.736790
-0.131134
0.736790
0.432654
0.855461
1.194529
0.639696
1.118342
0.758367
0.935492
0.779943
0.386941
1.038861
0.234566
1.179108
-0.131134
1.017284
-0.039709
