0.16317663
-0.09702186
0.10844930
-0.06742808
0.01751676
0.13416892
0.11614658
0.11608376
0.09823973
-0.01526811
0.15193230
0.02711756
-0.03708921
0.21904849
0.14385852
0.13521856
-0.11960244
0.08892754
0.14243528
-0.12869181
-0.06454257
0.21273281
0.18104935
0.00635836
-0.06755946
-0.12732844
0.02893776
-0.04872968
-0.02294285
0.08603406
-0.06111813
0.05169213
0.07374977
-0.10885779
-0.08358012
0.08497340
-0.03284112
0.07256384
0.07212588
-0.09943083
0.05965737
0.18216710
-0.02925425
0.02649078
0.01458797
0.03654719
0.05898859
-0.02489865
0.19236273
0.06672821
-0.07051636
0.09029832
0.18564601
-0.02454578
0.19378924
0.02922474
0.19572133
-0.03896589
0.09670043
-0.00006216
-0.12150442
0.20378964
0.02512899
-0.10150381
-0.05146013
-0.01692337
0.02995388
-0.10327760
-0.02926625
-0.06499254
0.07456911
0.15893205
0.11556736
-0.04313020
0.14678004
-0.10566020
-0.06568199
0.01854887
-0.04112438
-0.00798628
-0.17556296
0.10584257
-0.01078541
0.08368556
0.11314175
0.14039250
0.00534569
-0.05702876
0.07247251
0.12200477
0.09083343
0.02726538
-0.05488540
-0.03767481
-0.00372944
-0.02030962
0.02645113
-0.06985619
0.08910339
-0.00754816
0.01996231
0.13081953
-0.02566542
-0.08200323
-0.14554508
0.18060613
0.06164901
0.09232205
0.08200715
0.00831830
0.06460496
0.11022979
0.09890424
0.12513924
-0.08299585
-0.07982825
0.11228404
-0.12329116
0.16207860
0.11694548
-0.04406432
0.13982181
0.10588923
0.09513112
0.08131137
0.15605314
-0.08924881
-0.14648719
-0.12989497
-0.05469451
-0.05892778
0.02250140
-0.04058257
0.07068165
0.06535056
0.15975109
-0.14186913
-0.11897781
-0.02138655
-0.00075666
-0.08656796
0.10836533
0.13649024
0.14493690
-0.07776111
0.19492871
0.13046035
-0.07234539
-0.00189889
0.11536365
-0.03085102
-0.09841115
0.08333720
0.01334298
-0.08939458
-0.07936756
-0.03845834
-0.03601150
-0.14282835
-0.02350230
-0.16025776
0.06480946
0.03667268
-0.05399432
0.00162954
-0.06570580
-0.07815413
-0.02334707
-0.09603299
0.13319473
-0.04318685
-0.08974145
0.16816390
-0.13314614
-0.01781775
-0.00020646
0.11913085
-0.11084466
-0.03542006
0.19445321
-0.03232107
-0.09803442
0.14199464
0.04118642
-0.00088247
0.17540516
0.16802029
-0.01032828
-0.11997964
0.02400208
0.03571092
-0.11727514
-0.09278032
-0.00276212
-0.15238114
0.11669786
-0.16321771
0.00299930
-0.00710631
-0.17305726
-0.10036471
0.01642364
-0.19220553
-0.16883007
0.12137523
-0.17859992
-0.14926288
-0.16872947
0.07351578
-0.00762744
-0.05836274
-0.02817250
-0.09766454
-0.17807990
-0.14206745
0.02768394
0.08927634
0.24147691
0.24659076
-0.09649894
0.05694041
-0.03440662
0.20138930
0.02456434
-0.01403713
0.07388201
0.09683231
-0.01869939
-0.09990140
-0.20456213
0.14365900
0.16183294
-0.09664436
-0.04501270
0.03937849
-0.02996912
0.02779552
0.06958573
-0.04438364
0.01873781
-0.15360257
-0.03140010
0.02593343
0.06490533
-0.15157238
0.06782189
0.00291526
0.02668083
0.01472154
-0.01202540
0.00793890
0.08957924
0.11479647
0.02509391
-0.08790793
-0.06261957
0.09000631
0.12271970
0.00800535
-0.06299536
-0.05833385
-0.05644910
0.15665707
0.00974133
-0.12445746
0.17432773
-0.14824350
-0.11071573
0.04877518
-0.03330486
0.11974277
-0.04338210
-0.10114547
-0.00725914
0.09798359
-0.01778745
-0.03657110
0.10511924
0.11914320
-0.10957284
0.09481600
-0.01945336
0.06888356
0.06395807
-0.00006951
0.12038188
-0.06467573
-0.08025476
0.12145276
0.11236419
-0.02631874
-0.02288726
-0.02086814
0.05573151
-0.12615946
0.11328800
-0.08128269
0.13784057
0.13887800
-0.07890242
0.12492822
0.02449428
-0.04249476
0.06988023
0.06902700
-0.02439264
0.02160012
-0.05910031
0.01861338
-0.09285542
0.07578580
-0.04058158
0.08958764
-0.00980812
0.05183767
-0.13553081
0.08236537
0.10385001
-0.02585727
0.06847273
-0.09086483
-0.10456020
-0.07341089
0.10619772
-0.18460114
-0.16814487
-0.02378117
0.13083203
0.07599858
-0.10540164
-0.09478940
0.02791306
0.10513630
-0.12198036
-0.08002038
-0.17569126
-0.10503010
0.07717281
-0.07900186
0.12199667
0.06651470
-0.00346996
-0.11646916
-0.08219270
-0.06955442
0.03681250
0.12045447
-0.10641032
0.08276744
-0.08860213
0.08854353
-0.01147811
0.06825908
-0.04368417
0.12492625
0.16363177
0.11482154
-0.18005459
0.08025277
-0.03160355
-0.05106200
-0.02547063
0.10466706
-0.09438136
-0.12070547
0.04565417
0.00555602
0.05520314
0.03983394
0.09391695
-0.07602099
-0.01608020
0.07363103
0.10584467
-0.10777611
0.04576583
-0.01298923
-0.17831637
0.03088807
-0.09853286
0.14196961
-0.03670623
0.10962407
0.07065643
0.11339800
-0.00453746
0.07748438
0.08799052
0.00642790
0.01065687
0.01178089
0.01387450
-0.05593580
0.04867049
0.06674276
0.07259565
-0.07071056
-0.08046211
0.04104773
0.02861579
-0.01798579
-0.09132522
0.01015500
0.02323832
-0.15933724
0.06078734
0.03439866
0.02555500
0.07751492
0.09992015
-0.00442275
-0.00969950
0.11335033
-0.01942487
-0.06780414
-0.10843979
0.00701577
0.11932349
0.04576729
0.06086725
0.09382338
0.02229336
-0.10730825
-0.13741383
0.01622294
0.06379247
-0.11713452
0.04594934
-0.04193586
0.09476858
-0.12665917
0.16198860
-0.15363817
-0.08130818
0.06340381
0.08090561
0.02971622
0.03752675
0.05422036
0.02648875
0.05346007
-0.09173124
-0.02582268
0.17861304
0.05723945
-0.11913091
-0.11640953
-0.04858433
0.11810958
0.00792903
-0.15448071
0.16015606
-0.13919862
-0.08134805
-0.04846422
-0.06728946
0.07511485
0.06214782
-0.20520198
-0.06678963
-0.00283027
-0.16126338
-0.02109421
0.05350415
0.01676524
-0.05399854
0.06972919
-0.04795752
-0.12643798
-0.14893381
-0.09908042
0.15682967
-0.00085705
0.25881940
0.15429828
0.00490509
0.12373266
-0.01628648
0.00740452
-0.08057754
0.13663280
-0.02350228
0.02862291
0.09650737
-0.06504928
-0.16567670
0.14165202
0.08153275
-0.08971702
-0.08062446
0.13411288
-0.04052655
0.06598254
-0.03006162
0.04532916
0.19014254
-0.13090435
-0.12001424
0.03629124
-0.02900351
-0.12430700
0.10526721
-0.16887882
-0.08797085
-0.14617451
-0.03149035
0.07930297
-0.09317759
0.14663167
0.02909254
-0.04511409
-0.10706404
0.06893821
0.05733219
0.09633610
-0.01900124
0.05658291
0.05767746
0.07530478
0.04965623
0.05097796
-0.09663371
-0.01279162
0.09914214
-0.06025844
0.20680188
-0.03010446
0.14139768
0.12087807
0.13088746
0.13533308
-0.10887598
0.04015635
0.08373769
0.15579303
-0.08475690
-0.16449848
-0.18923894
-0.07287353
-0.04444377
-0.06151194
-0.01411080
0.05173292
0.04067524
0.11315861
0.07440193
-0.08580946
-0.13794631
0.06006536
0.01597451
0.06811026
-0.06981570
-0.07782631
-0.04820452
-0.03080017
-0.06231874
0.05630418
-0.03582786
-0.12093153
0.06118397
0.17273052
-0.04736371
-0.15491888
-0.03577755
-0.07937700
-0.18659478
0.20479974
0.05892713
0.14765821
-0.02225456
0.18892217
0.07459029
0.08949012
-0.06563587
0.06624028
-0.13368306
-0.13367009
-0.12768200
-0.03559317
0.07745653
-0.16867487
0.06916935
0.16598850
-0.04452122
-0.27342623
0.02772764
-0.08872961
-0.23683281
-0.05790514
-0.14704736
-0.13382578
0.04653186
0.01285595
-0.21073090
-0.14238726
-0.00937406
0.07155625
-0.16346943
-0.24057241
0.04464781
-0.04038578
0.01354579
0.03974528
0.15036716
-0.03726273
-0.08225418
0.25179875
-0.16495208
0.15375762
0.05851545
-0.13819557
0.14642958
0.04063593
-0.13272932
0.14302649
-0.04484462
-0.00074617
-0.16897227
0.13077998
-0.05149167
-0.07722986
0.03991166
0.09973454
0.18148923
-0.18045196
0.13721286
0.06952461
0.00037743
0.01783097
0.14147276
-0.03973909
-0.00448670
-0.10893786
-0.25190026
-0.18243310
-0.09164527
0.07887636
-0.21580262
-0.14949346
-0.08535141
0.06634621
0.03435212
-0.02399991
-0.15024430
0.04927713
0.24141674
-0.03653908
-0.06505292
0.15728147
-0.05761996
0.02162534
0.01905827
0.10170496
0.14320202
0.11870178
0.10977463
0.11884763
-0.03503912
0.02971734
0.05934748
0.09379818
0.17667146
0.09035067
0.05010171
0.07737248
-0.15830103
-0.06924497
-0.06772067
-0.15677035
-0.08271610
-0.10876109
0.17310102
-0.12610237
-0.07726766
-0.03933918
-0.12432201
0.00570349
-0.00730783
-0.08935401
0.04808244
0.11521125
-0.01893368
0.01415557
-0.04097351
-0.06650421
-0.10672244
-0.10062049
0.07220299
0.01137605
0.09078505
0.04456881
0.12866645
0.04499019
0.08900739
0.05002766
0.15176144
0.23334891
-0.01312403
-0.01200423
0.04592771
-0.10204549
0.06900164
-0.08282982
-0.07514219
0.08145136
-0.06989989
-0.12820296
-0.02474611
-0.10004076
-0.18040840
0.10998131
-0.03849544
-0.19594660
0.13454250
-0.11308561
-0.13023411
0.18579842
-0.04308829
-0.19848347
-0.19080378
-0.08416039
-0.03407735
-0.15467612
-0.06359270
-0.12075262
0.01220135
-0.07239551
-0.00465065
0.04020726
0.08641805
0.03706584
0.06309003
-0.09369350
-0.04876307
0.25627050
-0.16454089
0.16934805
-0.12320442
0.14710365
0.22030602
0.07875185
-0.22785155
0.06337886
0.11373443
-0.14552443
-0.13390946
-0.07423405
-0.09762973
-0.15491392
-0.04716684
-0.01199724
0.11717918
-0.16238257
-0.00592928
0.07672975
-0.09918221
0.00650749
-0.05288026
-0.09895215
0.00180030
-0.13642088
-0.13173345
-0.15562537
-0.04251369
0.00142990
-0.16792959
0.03357527
0.18289219
-0.14258242
-0.09616284
-0.12250127
0.26942560
-0.24626791
-0.20501584
0.10269714
-0.28413779
-0.18135922
0.21947636
-0.20907287
-0.09559017
0.28725913
-0.13840309
-0.14326020
-0.31105715
-0.15964308
-0.26953083
-0.21909305
0.08070490
-0.02215716
-0.17329223
-0.29187533
0.24692728
0.01226111
0.20687155
0.33824092
0.24003576
-0.03012360
-0.12936604
0.38920879
-0.12337976
0.26421082
-0.06449801
0.10936100
0.35296604
0.07743556
-0.24391541
0.04703868
0.15757479
0.01557614
-0.19058049
0.03878479
0.01765710
-0.27027276
0.20243028
0.10526429
0.17588548
-0.09030744
0.05992052
-0.04986953
0.05152670
0.02271533
0.23105586
-0.16602901
-0.20561384
-0.28771380
-0.31133428
-0.10744820
-0.09013040
0.37391630
-0.11278051
-0.05551789
0.09214470
0.11272843
0.00237218
0.03578018
0.03680288
0.08838369
-0.06081391
-0.07655264
0.07179116
0.15142626
0.12550656
0.03348995
-0.09422760
0.04944839
-0.05583337
-0.00887140
-0.07608157
-0.07107873
-0.00673310
0.02857359
-0.15374787
0.08730373
0.14909846
0.14751415
0.09260941
0.05020966
-0.17066886
-0.01978049
0.04580429
-0.11106256
-0.10888276
-0.07678582
0.10494653
-0.15236174
0.05040916
0.09704246
-0.15650214
-0.13909011
0.15588105
0.03061942
-0.17098503
0.03928326
0.03911305
-0.08088297
0.06486090
-0.08971968
0.05836337
0.06746189
-0.08666599
0.07856320
-0.07646284
-0.03975504
0.11508232
0.02828127
-0.12619255
0.16193275
-0.01219222
-0.06238732
0.15402032
0.12093936
-0.05026215
0.01955657
0.07174771
0.00009053
0.09983470
-0.18702659
0.14437239
-0.15193024
0.35323673
-0.27796507
-0.12372966
0.32764918
-0.02424542
-0.04585518
0.09590582
-0.35390231
-0.10770057
0.10266630
-0.20458931
-0.15659811
-0.18974532
0.04673112
-0.27881294
-0.20951541
0.27519205
-0.12937897
-0.19350238
-0.10680688
0.30388671
0.26848722
0.14857425
0.25542149
0.14855079
-0.04730831
0.08173775
0.38628682
-0.02598326
0.28757384
-0.13953227
0.16275322
0.16191849
0.16034947
-0.10407455
0.01894098
0.10007036
0.00427658
-0.02136583
0.12070409
-0.04727356
-0.19611901
0.16897736
0.14088573
0.14057916
-0.16450588
0.16073571
0.24675034
-0.07634921
-0.13262048
0.11992200
-0.09756956
-0.08045364
-0.08027796
-0.09445159
-0.30212843
0.00789421
0.28982276
-0.03710832
-0.21862632
0.27181295
0.01054816
-0.12230451
0.08506861
0.11625320
0.08149727
0.06654220
-0.06564540
0.14730598
-0.06301858
0.04474626
0.14094131
0.12090880
0.02360249
0.05734968
-0.09358213
0.09820503
0.13423456
0.13735402
0.16007191
0.00838646
0.02053751
-0.11187575
0.15884054
-0.12251785
-0.13803610
-0.09274864
-0.07739412
-0.10136851
0.08997259
0.10573579
0.17022237
0.17636743
0.07209014
0.03354238
0.11769874
0.05997453
0.14756700
0.11850248
-0.10233083
0.04703986
-0.00260847
-0.01819427
0.09550229
-0.12622476
0.10782847
0.11657449
0.02853888
0.09396027
0.03891800
-0.01100465
-0.11879569
-0.03210586
0.05774414
0.01618709
0.05304508
0.04565639
0.14549881
0.09102372
-0.00663000
-0.01493702
0.16490884
-0.03930224
0.11610903
-0.00562070
0.10175408
-0.08143994
-0.06756627
0.04284470
-0.06925127
-0.11242068
0.02862283
0.00664881
0.11283676
0.16782191
0.09847510
-0.01644887
-0.04062876
0.01902824
-0.07060388
-0.07654907
-0.00341323
0.12100168
0.14513223
0.20429592
-0.00349699
-0.00947949
-0.06942558
0.15037085
0.12667707
0.16753699
0.08786325
0.02436020
-0.02405311
-0.08930235
0.05862751
0.07404321
0.06394782
-0.02569286
0.07130462
0.07986014
0.17565237
0.11050806
-0.07961110
0.19137655
-0.12450138
-0.12733930
-0.04068393
-0.02778051
0.10855282
0.17982262
0.01980241
0.12119936
0.05876693
-0.07592952
0.05001773
-0.11572577
-0.09315301
-0.03188346
0.15141810
0.07056416
0.05748658
0.09117442
-0.11143287
-0.18450496
-0.01906708
-0.12545457
-0.00171385
-0.06952526
-0.10595464
-0.04518251
0.10920300
-0.05404325
-0.12644993
0.08250336
-0.03941052
-0.06615489
0.06293058
0.11749656
0.02942939
-0.04084181
0.12824877
0.11576842
0.08964561
-0.00642198
0.02089128
0.08738923
-0.00320659
0.11654397
-0.13673575
0.05421824
-0.13194071
0.11219114
0.09719354
0.03451705
0.15167871
0.12004306
-0.08184393
-0.07465850
-0.10660648
-0.00935276
0.12734634
-0.03938214
0.06860532
0.11302183
-0.06681956
-0.09911703
0.01884878
0.03450932
-0.00907504
-0.10351038
0.08054952
0.09950249
-0.02577025
-0.09610283
-0.02155730
0.15884441
-0.02041515
0.14708851
-0.03208125
0.07367796
0.08431949
-0.04518113
-0.14841726
0.05539709
-0.08577757
-0.05202398
-0.00183267
0.02634027
-0.05017796
-0.04989456
0.02058899
-0.01147380
-0.09830172
0.01984929
0.00444629
-0.03746359
-0.10734187
-0.08395804
-0.07331032
-0.13030669
-0.09933849
0.15906391
-0.11048281
0.13621905
0.07109252
0.09090582
0.12847362
0.15499423
0.02175903
0.11761066
0.04504455
-0.02761523
-0.05506062
0.13481981
0.02999295
-0.04630898
-0.06785511
-0.06574166
0.02017630
0.00382679
-0.13164942
0.04276218
0.13183521
-0.05386231
0.10081290
-0.12250477
0.03320039
0.06287777
0.04154170
0.03131046
-0.09965944
-0.02719013
-0.04206349
0.05688077
0.07457005
0.04835846
-0.05163823
-0.01457923
0.05841205
0.08693583
-0.10245536
0.02263507
0.15451020
0.11797877
-0.08848112
0.07134523
-0.02899731
0.06704822
-0.06100082
-0.10898361
0.09144906
-0.11339288
0.01319222
0.08796376
0.07911452
0.10023371
0.07916307
-0.10007073
0.16253032
0.03029361
0.00158238
0.06702234
0.08955823
-0.09765912
-0.12894812
0.14196135
-0.03314727
-0.01144378
-0.08884310
0.05611023
0.12429456
-0.04878023
-0.02941996
0.11485592
0.01238671
0.11838233
-0.04821042
-0.01313622
0.11877050
-0.09221564
-0.13998598
-0.08283445
0.05983773
0.14836155
-0.09066190
-0.05532016
0.09192231
-0.08358226
0.14401129
0.05124940
0.00238091
0.00470931
0.05292833
-0.06385233
-0.09534596
0.06069389
-0.11792119
0.15972112
-0.10095595
-0.09689462
0.04148632
0.03670094
-0.00067454
0.04784999
0.03768712
0.02691234
0.02312871
0.07250500
0.13469510
0.09287085
0.13843541
0.07479049
0.11612722
-0.02692873
-0.02438873
0.07885736
0.08274978
-0.07620770
-0.01695863
0.10398846
-0.01782602
0.08691001
0.06276100
0.22850698
-0.00153343
-0.19689842
0.26117265
0.01973237
-0.08467380
-0.03024618
-0.06876177
-0.20945531
0.23414646
-0.22513625
-0.11191501
-0.20692551
0.06522880
-0.12956466
-0.04589604
0.21627758
-0.08064228
-0.14178251
-0.02166399
0.03688490
-0.07342611
0.07006595
0.27570516
0.21434891
-0.07797169
-0.12517942
0.12400186
0.02463332
0.20859042
-0.00611541
0.14557636
0.25672352
0.15484062
-0.18461397
0.04171648
-0.03420202
0.03340207
-0.04095381
-0.07970869
-0.13553075
-0.02651539
0.18520084
-0.08560429
0.02080844
-0.26200229
0.14700153
0.01535590
-0.13240570
-0.11267421
0.21225557
-0.15906228
0.00231147
-0.15844010
-0.16069692
-0.17595549
0.03944083
0.02332172
-0.20155428
-0.17794764
0.02670147
-0.22949006
0.09257787
-0.22123180
0.17959543
-0.22559115
-0.25533712
0.12112975
-0.20277222
-0.06209049
0.18344770
-0.22950993
-0.20391199
0.30538863
-0.09927019
-0.29789582
-0.07337870
0.09769073
-0.20832817
-0.26816893
0.07634222
0.04056853
-0.12181345
-0.28215244
0.18889825
0.10235394
0.21013854
0.00882063
0.23122399
-0.05219705
0.09557204
0.30236825
-0.21522324
0.20064220
-0.07970762
0.00987615
0.17168131
0.09702203
-0.33770567
0.08261704
0.20316757
0.03315571
-0.18107565
0.01905516
0.04183785
-0.21307342
0.20825945
0.21123065
0.09774446
-0.24614081
0.02369411
0.16699319
-0.03682803
0.00006631
0.12351401
-0.32836491
-0.07220171
-0.24196325
-0.25639006
-0.12245000
0.03341008
0.18460949
-0.02725706
-0.14785087
0.04410828
-0.04226597
-0.03481998
-0.02557444
0.19619770
-0.11590915
-0.22225448
0.32173342
-0.04987520
-0.19099051
0.18843248
-0.30627614
-0.10024991
0.24113816
-0.24437213
-0.10730202
-0.22210664
0.00928041
-0.15288563
-0.15505438
0.19369526
-0.15159574
-0.20708208
-0.24565402
0.17118576
0.03690690
0.27889463
0.16028775
0.00826348
0.14038661
0.01917451
0.02907765
-0.02169030
0.22374085
-0.08211412
-0.07191073
0.27764595
0.01203192
-0.18780215
-0.01493731
0.26055223
-0.18769474
-0.12067322
-0.06933235
-0.00513400
-0.26174071
0.27766716
0.16892174
0.13165130
-0.18582299
0.18465856
0.06164020
-0.08951368
-0.21376871
0.05223826
-0.20691562
-0.11912834
-0.24162790
-0.24737604
-0.20971908
-0.09965948
0.23571102
-0.19988659
-0.22476369
-0.02929461
-0.00668041
-0.10365270
-0.15352514
-0.10609178
-0.12043241
-0.02800076
0.12855506
-0.09930570
0.09093329
0.01087370
-0.00266737
-0.07508019
-0.07919236
-0.03172631
-0.11695065
0.05206197
-0.11087603
-0.01869432
-0.11763079
0.12705697
0.06226994
0.13393648
0.00330519
0.00971692
-0.04385263
-0.02215918
0.05352175
0.05370356
-0.12735538
0.06602256
-0.13684128
0.11113067
0.04767104
0.07845742
-0.10317538
0.04767229
-0.03708341
0.01005037
-0.01647174
-0.08623950
-0.08434510
0.01595550
0.05385308
0.11470963
-0.13750516
0.11529621
0.02447488
-0.09950335
0.02281195
0.02444593
0.04267549
0.07390296
-0.11701392
-0.01331460
0.02511849
0.11662020
0.07324184
0.05343579
-0.02642621
0.05239428
-0.02381064
-0.02069541
0.00774425
0.11698947
0.00714834
-0.15720198
0.04596100
0.01262248
-0.13352342
-0.06224516
0.06590541
0.05020807
-0.20866115
0.14115678
-0.09791822
-0.10043058
0.03440232
0.01522575
-0.13377087
0.01356089
-0.08775987
-0.19781974
-0.26054358
0.06945411
0.01940357
-0.08103473
-0.12159178
0.20619559
0.11815546
0.20900963
0.08513248
0.00698725
-0.09468646
-0.10571302
0.06739844
-0.08982980
0.06027018
-0.06517037
0.13436438
0.21631336
0.01789354
-0.03684767
0.04923139
-0.01421618
-0.10166848
-0.02824016
0.18642031
-0.14447543
-0.01156349
0.17311834
0.10924178
0.10951863
-0.04290772
0.17991507
0.12277627
-0.10117188
0.09430455
0.00914618
-0.06686496
-0.08409354
0.00318174
-0.01618155
-0.23072225
0.07267884
0.24948670
-0.17306997
-0.19721057
0.15059134
-0.10845353
-0.04820336
0.05131507
0.13572788
-0.07983430
0.04437047
0.12452972
-0.03132412
-0.26492393
0.06809509
-0.12413174
-0.00021266
0.23909397
-0.07795254
-0.02849611
-0.01766774
-0.12463476
-0.13007247
-0.12142339
0.14483851
0.10473400
0.05155060
-0.13872626
0.19005021
0.11079219
0.22526766
0.03458507
0.11991552
0.06624456
-0.02825303
0.18956451
-0.06472696
0.14195424
0.03723989
-0.10021362
0.13709180
0.06520895
-0.00206942
0.01233774
0.22680989
-0.10263142
-0.12835324
-0.04720697
-0.04700855
-0.05925060
0.18701817
0.15521221
0.18650922
-0.15477122
-0.04621936
0.16499890
-0.01321673
-0.17145377
0.13633032
0.01917057
0.02013611
-0.12826274
0.08319053
0.05564176
-0.04333899
0.20866343
-0.01796280
-0.08755632
0.04845449
0.06881278
-0.00296126
0.14670105
-0.12366516
0.01202631
-0.00628492
0.07743436
-0.04131303
0.08360096
-0.09753860
0.06134184
0.07684810
-0.09300730
0.14817663
0.00871174
0.20043203
-0.05492544
0.03827264
0.19552903
0.02457225
-0.06511609
0.15439799
0.04207074
0.04659242
0.06169109
0.02284873
-0.22382453
-0.11846412
0.07852853
0.13077857
0.00372085
0.09283748
-0.09867621
0.12016965
-0.11490898
-0.27296019
-0.12079275
0.11732492
-0.14198922
-0.20689532
0.10746258
0.16997029
0.12678334
-0.10256873
-0.13955797
-0.17629276
-0.12381414
-0.05846141
0.10260331
-0.12329090
0.04083106
0.05818544
0.12652509
0.07055290
-0.02025661
0.12108485
-0.04841694
0.01595665
-0.07690165
0.17774728
-0.13035366
0.10086802
-0.08176722
0.00888471
-0.11581944
0.05120120
0.08656434
0.18701433
-0.16496362
-0.04271286
0.08918819
-0.06014407
0.03789992
0.14702339
-0.12150004
-0.10697486
0.14431389
-0.11247156
-0.07287004
0.05312499
-0.02593521
-0.18269384
-0.09162246
0.05058559
-0.12353019
-0.03290457
0.00615611
-0.00992761
0.01539782
0.21247980
0.01147992
0.17417616
-0.12503716
0.14236650
-0.08656475
-0.14906316
0.04140078
0.00452170
0.06798075
0.09546536
0.01550167
-0.11274716
-0.11217252
0.17760059
-0.05556590
-0.13703819
0.02556310
-0.03070898
0.06955555
0.15966631
0.09904870
-0.03893053
-0.00394923
0.07164244
-0.10650222
-0.00919236
0.07621683
0.01583323
-0.15877552
-0.07853208
-0.02527892
-0.14697111
-0.02976728
-0.03705589
0.12870210
-0.09363595
0.01385601
0.04970646
-0.13417944
0.01476261
-0.04266189
0.08790977
-0.00321161
0.03272071
0.14966409
-0.02476191
0.08388948
0.04077682
-0.00125645
-0.00478358
0.07400568
-0.13257472
0.01245803
-0.10469422
0.01755536
0.02015479
-0.05388503
-0.06982363
-0.12797721
0.06251977
-0.10325200
0.04917468
-0.10731096
0.01909244
0.15700403
0.04013427
0.00647894
0.09041088
-0.04238496
-0.03368156
0.10841696
0.11469921
-0.05584396
-0.06692348
-0.03616060
0.08131204
0.14177696
-0.08379930
0.05327054
0.13276950
0.02025572
-0.11051353
0.11788190
0.09492187
0.04655586
0.20628944
0.10124772
-0.06064212
0.00478094
0.12898098
0.05020252
-0.01092201
-0.08089665
0.08766618
0.06399654
-0.03246754
-0.01411285
-0.03352060
-0.05442294
-0.13840619
-0.11583244
-0.02184152
0.01415439
-0.02955465
0.02061757
-0.02469969
-0.04697875
-0.13814509
0.07362866
-0.07020940
0.05244351
0.05147685
-0.08476399
-0.15473282
0.13487522
0.10640279
0.00388269
-0.01044635
-0.08849157
0.10506956
0.04694713
-0.03771138
-0.03680854
0.00813366
-0.16566114
0.01740967
-0.10922825
0.07814177
0.11496011
-0.11159770
-0.08584411
-0.12123646
0.18475272
-0.10886061
0.05564785
0.03960578
-0.05851069
-0.01419260
0.01294948
0.09406517
-0.01263936
0.16843691
0.10291075
0.10829873
-0.01169301
0.03612912
-0.11625846
-0.09577268
-0.05226453
0.06824765
0.06076752
-0.01442431
0.02262045
0.08880548
0.11954403
0.15503567
-0.08666067
0.12753277
0.00379278
-0.01964705
-0.16137081
0.13424911
-0.03748795
-0.09706075
0.12112014
-0.03540727
0.05523601
-0.10987359
0.05825270
0.01095632
0.19011317
-0.03857551
-0.10371128
-0.01167212
0.14082590
0.03327466
0.10672700
0.19029549
0.09001183
-0.01530161
0.07804409
0.18514843
-0.12007499
0.13596910
0.10705234
0.12324366
-0.01082263
-0.05593340
-0.02554203
0.07428727
0.10645934
0.07359143
-0.10483057
-0.06967179
-0.00020336
-0.01277421
-0.00338292
0.18329990
0.02625913
-0.09436882
0.01616039
-0.05710980
-0.09902339
0.16714390
-0.10705840
0.00243858
0.07332455
0.13354568
-0.13376331
0.06005134
-0.04367383
-0.06622037
0.02077562
-0.10907798
-0.05257399
-0.13456093
0.05623551
0.04070440
0.20640968
-0.07649319
0.10637594
0.02315909
0.11638828
0.10980092
0.10119345
-0.08393584
-0.11800938
-0.05612718
0.16929579
-0.06470245
0.14950496
0.10585728
0.20314363
-0.13634390
-0.05905533
0.10280249
-0.03118983
0.07674566
0.01696604
0.13584544
0.09399027
0.16043991
-0.05358922
0.06467409
0.01679230
0.02576177
0.01163497
0.11895238
0.11260953
-0.02738125
-0.11974806
-0.02458571
-0.02757787
0.07390757
-0.09792633
0.09095434
-0.05072344
0.15659575
-0.07260868
-0.04651589
-0.03449216
0.07481315
-0.02865921
-0.01952489
-0.04468793
-0.08311775
-0.09668563
0.11924840
0.10958763
0.02816253
0.03707137
-0.06114544
-0.05253338
-0.12194787
0.10558153
-0.13232552
-0.13513061
0.06737576
0.03537335
0.00708269
-0.01693958
0.21488072
0.12103819
0.10421786
0.07144073
0.10546018
0.01053063
0.13612971
0.03748841
-0.00310861
-0.10633213
0.20222165
0.04524940
0.05794773
-0.02715111
0.00582881
0.12382298
0.09901308
0.20759092
0.13656658
0.05600588
0.11776613
-0.04564803
-0.07219593
0.01700914
0.02123034
0.02065084
0.08309535
0.11223396
0.12773220
-0.02958310
0.10089037
0.17643413
0.11242681
-0.10349484
-0.07355274
-0.05773257
-0.09306321
0.00760518
0.07132123
0.01000998
-0.08418050
-0.12474427
0.10992789
0.11515461
0.17760138
0.06117510
-0.08775891
0.00790833
0.01766894
0.13138840
0.20065659
-0.14994425
-0.11702403
0.02769378
0.14778659
0.02292659
0.12191427
0.15529326
-0.01338324
-0.03829847
0.01927618
-0.00048974
-0.09869991
0.11945987
0.14443238
0.13584024
0.11983633
0.02839353
-0.00688016
0.19519800
0.18109071
0.08898369
0.09304764
-0.01927125
0.22739227
-0.04330992
0.08450690
-0.07393201
-0.02468958
-0.03472367
0.06798480
0.15374120
0.12198471
-0.08685271
0.00189230
0.12249012
-0.02849213
0.09911358
0.03363045
-0.02137839
0.14348704
0.07031387
-0.03415894
-0.09375195
-0.03100331
-0.02989156
0.07056191
-0.09607274
0.09715600
0.13699886
-0.06485344
0.07097498
-0.12562858
0.08190953
0.01386245
-0.12091860
0.11088123
-0.17162170
0.03898907
-0.04203347
0.10450982
0.08185579
-0.13144267
-0.12075025
0.12816621
-0.07540496
0.03752481
-0.11537559
0.03533885
0.10647105
-0.08307811
-0.02306004
-0.11085083
0.09551436
-0.12332974
-0.04346315
0.10538221
-0.04818318
0.07065668
-0.09466910
-0.12541273
-0.05177132
-0.02962796
0.14811908
0.02396747
0.14221828
0.05066407
-0.06100260
-0.06364661
0.15251093
0.00706172
0.02793586
-0.10460381
0.14142743
-0.16741322
0.18314822
0.09825139
-0.01661979
0.09408950
-0.08448982
-0.11495775
-0.03507834
-0.03709263
-0.05500275
0.16910364
0.18794368
0.02744914
0.12322818
0.03306049
0.09155476
-0.06686331
-0.10943423
0.10466710
0.03790688
-0.09061780
-0.11398392
0.13423769
0.11313841
-0.08787708
-0.01216093
-0.15184578
0.06754475
0.08768888
-0.02966958
-0.15646164
0.09122919
-0.07660556
-0.07058319
-0.02685781
-0.07700914
-0.11873636
-0.04413380
-0.00443320
-0.10944610
-0.06373338
0.13339695
-0.00518712
-0.12151477
-0.06877787
0.12939312
-0.17492352
0.12655516
-0.01037472
0.04529683
-0.00508249
-0.02898542
0.00379723
0.16560929
0.10116965
0.10011356
-0.10897930
-0.12266071
0.06005358
0.12459046
0.08278641
0.10266388
0.00749236
0.05227127
0.09891769
0.00310750
0.02562765
0.00829695
-0.14879915
-0.17345326
0.16155782
-0.00387158
-0.03891302
0.13666943
-0.13852356
-0.05773763
-0.03532075
-0.11944437
-0.07321215
0.02631445
0.14225556
0.04191357
-0.18403643
-0.05791434
0.16808538
0.03233786
0.03110667
0.09610995
-0.09318154
-0.07965157
-0.10975149
0.05576245
-0.07961868
0.13524565
0.11996920
0.11136895
0.23016268
0.00684249
-0.12533453
-0.00436021
0.20107502
-0.06559584
-0.18664987
0.08243832
-0.03343203
-0.04039826
0.09978728
0.02759403
0.16188426
0.01977693
-0.02657055
0.11409140
0.06620871
0.11347299
0.11258193
-0.11099532
-0.16891420
-0.18629548
-0.06926899
0.03500156
0.02021763
0.09661480
-0.14041142
-0.12909012
0.03720330
0.06111342
-0.14620860
0.14512999
-0.07730113
0.12826996
0.17442532
0.07539875
0.13662973
-0.13126497
0.05918644
0.10284537
0.10232986
0.06118339
-0.08511698
-0.02154389
0.07511763
-0.04514395
0.01083073
0.03544758
-0.10182177
-0.02163187
0.13962562
-0.04250611
0.08878941
-0.09521794
0.04835165
-0.02447385
0.02717302
-0.03393592
-0.12844315
-0.05381468
-0.06611577
-0.02468369
-0.00776278
-0.09396121
-0.02033163
0.14420819
-0.00507682
0.03623397
-0.01608793
-0.08465567
-0.06795021
-0.01003131
-0.01414029
-0.00174927
0.11425192
0.02287637
-0.04328925
-0.10457163
-0.13051286
0.13562341
0.19837581
-0.00007467
0.10184916
0.03812222
0.08004726
0.12724389
0.03108046
0.12614435
0.04157371
0.05913032
0.14259239
-0.04809539
-0.11334348
-0.00444666
-0.13138501
-0.15814219
0.02751850
-0.17391653
0.06302711
0.10580983
0.04126283
-0.10685249
0.15604763
-0.18147407
0.04495086
-0.06791806
-0.07995197
-0.09073737
0.04230256
0.02635132
0.03260885
-0.09400088
-0.08533899
-0.01149278
-0.20264399
0.08799418
-0.02454958
0.14067015
0.16691594
0.12250841
0.02603401
0.06922801
0.09840585
0.06766623
0.06304849
0.08851262
0.06243468
0.06135246
-0.04534187
-0.00526342
-0.06083361
-0.05520279
0.07841849
-0.00508592
0.10569272
0.03591657
0.10306118
0.04427716
0.06563655
0.06255203
0.16528183
0.06050373
0.00681502
0.02674815
0.10793731
0.07176058
0.07959591
-0.19676021
-0.05297831
0.07861192
0.02548485
0.09894989
0.08620848
0.17858541
-0.14838925
0.05628237
0.10412974
0.16676968
0.05819974
-0.07269698
0.04779214
-0.15314959
-0.01147306
0.10538044
0.02523459
0.14376137
0.06378828
-0.12886058
0.17263129
0.06790593
-0.05151689
-0.05352926
-0.08499406
0.02764974
-0.06347159
-0.14958942
0.07250512
-0.09148140
-0.10139950
-0.10668398
0.00956475
-0.03212837
-0.04949149
-0.00623810
-0.00784688
0.02810623
-0.06407981
0.07482764
-0.08672643
-0.03290199
0.07824439
0.04596390
-0.03715593
-0.08178464
0.05722764
-0.00258869
0.13891038
0.11121822
-0.13134494
0.13456130
-0.17062746
0.05733287
0.08594846
0.05475466
0.16062543
-0.02029805
0.12583952
0.04050447
0.04352017
0.11381947
-0.01948386
-0.13386624
-0.04974772
0.10738554
-0.04156006
-0.08183835
0.08141298
0.09902586
-0.16441502
-0.07251251
0.10598537
0.14005893
0.04251068
0.11149570
0.02465377
-0.01747869
0.04185253
0.13156323
0.02253166
0.02445690
0.07126342
-0.18464707
-0.01315895
0.15771137
-0.05357257
-0.03056363
0.05237507
0.10563788
-0.16881125
-0.09212741
0.14285518
-0.10373296
-0.14543141
0.03908860
0.15260014
0.06477961
0.10724403
0.19264618
0.05777321
-0.02840377
0.11682135
-0.02555849
-0.15552785
0.01227537
0.09599940
0.12828036
0.18937819
0.12585226
0.01312319
0.12704512
0.07881405
-0.17037030
-0.08374575
0.08244673
0.09337582
0.10004251
0.02339732
-0.04971726
-0.01747042
-0.13927986
0.02676065
-0.11863590
0.11427768
-0.08267384
-0.07797559
-0.15535170
0.01173817
0.05111437
-0.16308410
-0.09485763
-0.06865408
0.13160507
-0.05868658
0.01976437
0.08420005
-0.05679842
0.05862337
0.07618099
0.04607687
0.05190070
-0.02537791
-0.14444013
0.07503819
0.18880489
-0.01445315
0.17389315
0.14533441
0.07035758
0.04655864
0.20081525
0.12378935
-0.10477871
0.12910797
0.04785277
0.10673194
-0.07684674
-0.02065704
-0.02966717
-0.03888616
-0.16750138
-0.11091068
-0.03575430
-0.02847688
0.09929306
0.02044314
-0.19521949
0.21872374
-0.05422739
0.11907726
0.02387691
-0.08602852
-0.14834082
-0.03378750
0.03151506
-0.11747107
0.16913770
0.02957524
-0.00182347
-0.11155974
0.09097648
0.06792770
-0.10518666
-0.02424506
0.19781512
0.01223179
-0.11475351
-0.03078892
0.16277240
0.04699207
0.05938383
0.11446570
-0.00999112
0.20251851
0.00000316
-0.13830116
-0.02023393
-0.06390473
-0.04491848
-0.02816028
-0.10637137
-0.07102758
-0.12376143
0.19305214
0.05134188
0.04064275
0.12050896
-0.02107583
0.00117639
-0.06717270
-0.17306088
0.03254959
0.17503998
0.02842167
-0.14567024
-0.01614122
-0.03588474
-0.10755949
0.02839092
0.18744563
-0.16856912
-0.04083714
-0.15481293
0.14471470
0.10953950
0.07558867
-0.03714043
0.03412824
-0.14567755
-0.11870900
0.07439151
-0.14891052
0.10188300
0.04088983
-0.08782051
0.12582794
-0.04396008
-0.23078653
0.02835206
0.19123632
0.11131485
-0.13349190
0.07515153
0.06769624
-0.13581343
0.16857187
-0.08612080
0.02925401
-0.15881030
0.05004756
0.07439257
-0.12123638
-0.07993568
0.10304500
-0.02602904
-0.06194750
-0.18962327
0.00700167
0.00176524
-0.16590515
0.10936134
-0.15150177
-0.18585391
0.08109422
-0.16396138
-0.02572908
0.09576415
0.05018660
0.12176778
0.16903794
0.10061744
0.06237723
0.14322509
-0.03768563
0.13155888
0.24420895
-0.12011717
-0.05035516
-0.00027072
0.14026728
0.01188181
0.22626932
-0.04437871
-0.09176224
0.05749364
0.19581583
0.18764634
-0.10607241
0.05208448
-0.03971505
-0.09749637
-0.11502215
0.02261307
-0.11729079
-0.03119061
0.02714462
-0.08126711
-0.05993387
0.00232216
0.05582983
0.04409814
0.18527815
-0.10788003
-0.11921402
-0.06829625
0.07380768
-0.13124026
0.07526990
0.04786173
-0.11482999
0.05847391
-0.16505280
0.12780032
-0.02931814
-0.08807357
0.16007809
-0.03958051
-0.03656946
0.07021921
-0.03861140
0.23603798
0.05336893
0.09222781
-0.13136494
-0.11805828
0.21919484
0.17122144
0.01207562
0.02257677
-0.00991369
-0.15201196
0.08430735
-0.01374351
0.04377691
0.00633368
0.04934896
-0.16829495
0.03202180
-0.20830204
0.09223728
-0.04105353
0.07798143
-0.18722296
0.05468776
-0.08259275
-0.04531849
-0.15325794
0.11659586
-0.10770511
-0.18902211
-0.12328183
0.08268541
0.13027337
0.05623765
0.27340040
0.09141414
-0.02925425
0.13357893
0.09655531
0.06869639
-0.02923903
0.00105611
0.08398046
0.08132494
0.11233123
0.00547832
0.11651320
0.06968902
-0.16173895
0.00529162
-0.09441768
0.10999627
-0.17938019
0.00185776
0.14072657
0.19719771
-0.15562616
0.06753839
-0.01209718
-0.10576468
0.09266924
0.19481875
0.00980570
0.03080740
-0.14684001
-0.05974585
0.06164068
-0.06317407
0.16221498
0.03570458
-0.17757493
0.11726902
-0.24595292
0.12305833
-0.00945716
0.18455353
-0.15272841
-0.13532378
0.21819666
-0.03748621
-0.12945393
0.16444008
-0.15857190
-0.27032197
0.22234766
-0.10821573
-0.25781885
-0.11637399
0.08103609
-0.26327643
-0.34698167
0.30553287
0.01463998
-0.10014938
-0.25925654
0.33081612
0.08867797
0.34553671
0.14800715
0.15420592
-0.00356019
0.05522868
0.11640364
-0.23600957
0.28844371
-0.03667161
0.06199818
0.26170728
0.16654336
-0.31349292
-0.08868019
0.21080065
-0.12991419
-0.10167304
0.01260582
0.05109560
-0.11551260
0.24436659
0.20503379
0.30718976
-0.28520185
0.13441677
0.04131823
-0.14193600
-0.20049535
0.10454283
-0.37103936
-0.28755242
-0.25136977
-0.25423017
-0.13638985
-0.00833250
0.33126155
-0.20556283
-0.27848274
0.16058514
0.03710841
0.06070725
0.18192957
0.10096581
0.03457407
0.03439470
-0.13473476
-0.08000244
-0.10277183
0.01073753
0.10044569
-0.05327024
-0.06525408
0.16665535
0.09377465
0.00404394
-0.15531020
0.02920056
0.06640395
0.03277288
-0.12498263
-0.03637661
0.19030054
-0.07887337
0.12421183
-0.08619985
-0.11091380
-0.02976249
-0.02916639
-0.08837541
-0.04537272
0.05280465
-0.10180365
-0.07814260
-0.04447152
-0.01019580
0.01581992
0.16099706
0.08381590
-0.07885870
0.00807809
0.16906330
0.11057314
0.12082548
-0.01160178
0.05111881
-0.03763519
0.00377631
0.12647779
-0.14021532
-0.05330003
0.10756011
0.20524491
0.14388134
0.18037610
0.12320053
-0.04580150
0.04618938
-0.01220676
-0.05151818
-0.00086593
-0.06542903
-0.03735862
-0.13323979
-0.28248411
0.08920263
-0.19986261
0.36231309
-0.19834773
-0.25255829
0.10161857
-0.16433513
-0.14340486
0.21648905
-0.19728334
-0.16265382
0.12945090
-0.17343046
-0.30135652
-0.13677323
-0.05539597
-0.38197482
-0.17487028
0.20834883
0.01426972
-0.20304382
-0.26806188
0.11411708
0.09513328
0.10777871
0.04926639
0.06454749
-0.01711512
0.02869428
0.25283173
-0.22892825
0.29996079
-0.05630152
0.15936543
0.07361121
0.14661789
-0.11710775
-0.17275098
0.07330678
-0.18976499
-0.09205285
0.00647110
0.01622391
-0.04709241
0.41424158
0.01105051
0.26652172
-0.14754017
-0.01437240
0.18103172
-0.07032195
-0.24717218
0.11734279
-0.33389935
-0.28476483
-0.12294339
-0.17358887
-0.20032059
0.04237822
0.14024366
-0.08675992
-0.21754122
0.18261096
-0.06627037
-0.06550001
0.13909879
-0.03133529
0.18148011
0.14551149
-0.01562594
0.08833885
0.04999723
0.15662566
-0.06968290
0.04655477
-0.02770466
0.03754431
0.10493615
0.14340553
0.05387676
-0.08657762
0.15705025
0.09751607
-0.16595279
-0.01684058
0.18077177
0.07656475
0.05754172
0.16712588
0.12194660
0.06996806
0.10900494
-0.12496349
0.09963598
-0.03969475
0.09547385
-0.01450164
-0.04496611
-0.08079599
0.06809688
0.10792792
-0.17323321
-0.13953929
-0.14489050
0.19150549
0.04586168
0.04739517
-0.07176210
0.02309184
0.11724828
-0.02335211
0.15944923
-0.10626985
0.08146000
0.02449153
-0.07255560
-0.02939200
-0.00403095
0.15769398
-0.01756811
-0.05150383
-0.04126595
0.05932944
0.00571920
-0.01048456
0.07897726
0.02389560
-0.01613415
0.09131239
0.02958775
0.18889070
0.06641887
0.03491347
0.20494975
-0.04263743
0.05577842
0.15498489
0.11106271
0.04534036
0.12294498
0.02847309
0.01471722
-0.00359637
-0.04020847
0.02053701
-0.05460657
0.10227050
0.03533736
0.18010052
0.12297524
0.18309659
0.00909185
0.03337446
0.03073514
0.14384845
-0.13302644
-0.01353322
0.11612156
0.05427496
0.08092935
-0.04274261
0.12242121
0.06551026
0.00472042
-0.02286696
0.06199383
0.08528591
-0.15483843
0.14682192
0.19330709
0.10052542
-0.06213401
0.16097459
-0.05359500
0.16682743
0.15983167
0.12492543
0.09880368
0.08869729
-0.08453841
0.19345532
0.04917672
0.06361103
0.07436179
0.03131630
-0.01865115
-0.01120658
0.13141342
0.08563828
-0.10912437
0.18006903
-0.12828657
-0.06284074
-0.05110076
-0.02516821
0.04420183
-0.00054815
0.15060045
0.13925774
0.00557898
0.12413656
-0.07159396
-0.06406891
-0.03344638
0.02956646
0.12689394
0.02821546
-0.03817043
0.04757533
0.13088563
0.00609346
-0.07240863
0.09421371
0.08448508
-0.11961152
0.01012545
0.10497257
0.20415998
0.04175764
-0.13460378
-0.05003551
0.06335556
-0.01431721
0.08975002
-0.01194071
-0.04117633
0.10241182
-0.03176975
-0.04000863
-0.12513298
-0.08921178
0.06226606
-0.12649477
0.06029695
0.03196875
-0.04567014
0.15327032
-0.14997625
-0.06507032
-0.00277810
0.16274221
-0.12284344
0.13451189
0.04634293
0.09302785
-0.10267908
0.07788590
0.05567684
0.03808005
-0.09365585
-0.10199229
0.15514965
0.07813334
0.09882593
-0.13339701
0.03968398
-0.13651441
0.10800499
0.10637745
0.00555704
0.14454061
0.10236075
-0.05751120
0.04661294
0.00953600
-0.09311607
0.05579377
0.00011077
0.00350776
0.01559617
0.13716969
-0.05247503
-0.00079203
-0.04018039
0.08288401
-0.12995787
0.12982345
0.14161606
0.01496812
0.16931814
-0.06600867
0.02344618
0.00108312
-0.16471022
-0.11814056
-0.09152135
-0.06315008
-0.01985713
0.06896284
-0.02497010
-0.04549543
0.16608758
0.01016800
-0.13567187
-0.06938964
-0.00749097
0.11167154
-0.04371414
-0.05332240
-0.00250084
0.10821704
-0.03656132
-0.10865986
-0.01127854
-0.01883841
0.04473473
0.10619325
0.13651051
-0.04530481
0.10990396
0.14796202
0.16435011
0.02885600
-0.02531240
-0.11740071
-0.02257217
0.04808359
-0.08037654
-0.04300396
0.09205452
-0.08721433
-0.00327258
0.01144811
0.00768815
-0.02390257
-0.12735143
0.00494726
-0.09467201
0.01878893
0.04074857
0.15711139
0.12896661
-0.11656767
-0.01165036
0.06911084
0.03406512
0.09372500
0.00994635
-0.09309285
0.08270918
-0.04293865
0.06405862
-0.00885629
0.15041472
0.01166976
0.05052644
-0.03320396
0.01275273
-0.05031724
-0.12004726
0.19594350
-0.03959808
0.10925758
-0.00605037
-0.10429201
-0.11341562
0.03774892
0.08080975
0.03714929
-0.16554837
-0.04675755
-0.08648819
-0.04857434
-0.13314781
0.12104197
-0.03286048
-0.08613015
0.11886494
-0.05351559
-0.03679184
0.07638187
0.15263897
-0.09767903
-0.01317085
-0.05159191
0.12294309
0.10718410
-0.01076052
0.11231555
0.08406653
0.06038081
0.12999763
0.01357376
-0.13768926
-0.12828320
0.02371221
0.24469350
-0.19830455
0.04188276
0.12816414
-0.11485004
-0.07734236
0.16412014
-0.36397818
-0.13286032
0.00065104
-0.25055385
-0.14794803
-0.09191756
-0.01045487
-0.06791698
-0.19818535
0.14816941
0.09322919
-0.19740863
-0.15125835
0.22600801
0.05675586
0.03778727
0.13815339
0.07586550
-0.04731077
-0.02947230
0.06803637
-0.18078841
0.19067207
0.09908491
0.03578012
0.04772792
0.08538318
-0.15110335
-0.09781301
0.20114012
0.03036069
0.01441227
0.12256501
-0.16405042
-0.06225096
0.02215217
0.14911194
0.10526854
-0.17375852
0.12364616
0.18804441
0.02857491
-0.05431662
0.19159952
-0.09401372
0.03433755
-0.16231638
-0.17636724
-0.00355588
-0.02863090
0.11259457
-0.23494692
0.00009368
0.19740228
-0.18736242
-0.03640371
-0.18046327
0.16517086
-0.27371013
-0.04422209
0.12226455
-0.15709904
-0.09324212
-0.00965216
-0.10323270
-0.20949924
0.26864636
-0.27116665
-0.22165756
-0.25125918
-0.02085301
-0.15562379
-0.06768773
0.24931571
-0.03839880
-0.06140183
-0.12284104
0.07978146
0.12537976
0.23533122
0.27812555
0.00297666
0.05220784
-0.05530095
0.16370788
-0.04814905
0.10089442
0.03773124
0.00557862
0.24979265
0.16889197
-0.27014178
-0.08237765
0.15866861
-0.06900732
-0.04878797
0.00881012
0.04088485
-0.23440363
0.20442797
0.00723136
0.10625902
-0.05754600
-0.08588910
0.17030460
0.02642099
0.06604867
0.03116732
-0.21223187
-0.10490069
-0.26186851
-0.14902703
-0.24877349
0.02788443
0.32704329
-0.11657537
-0.15402982
0.08073135
-0.18985960
-0.06342826
-0.01454459
0.07192333
-0.26241896
-0.24097879
0.15370129
-0.00374612
0.03211860
0.13792439
-0.04301335
-0.01133316
0.22729315
-0.03288070
-0.01266295
-0.22212954
-0.05892223
-0.11135826
-0.08139451
0.02836394
0.05543910
-0.04371980
-0.22745824
0.21883824
-0.03005703
0.19446164
0.28448847
0.10066697
-0.01157220
-0.00651478
0.15105183
-0.02434047
0.12597996
0.03616611
0.00533239
0.19276808
0.12177033
-0.24316174
0.11605138
0.11961646
-0.12366057
-0.09726175
-0.05683008
-0.05641723
-0.06845905
0.14651288
0.13768862
0.20536079
-0.16710961
0.21902587
0.09539481
-0.16769212
-0.08838524
0.22582613
-0.23114470
-0.01919487
-0.08832619
-0.18481030
-0.12304954
-0.02078864
0.30259311
-0.03592124
-0.05863419
0.06548762
-0.13196948
0.05738981
0.00998463
-0.07707812
0.14782375
-0.08792910
-0.10204954
-0.01465281
-0.00548209
-0.06610166
0.16363965
-0.13104109
0.14910936
0.13538609
0.10992030
0.11821727
0.13286710
-0.00849904
0.02275829
0.04796138
-0.14182954
-0.08970750
-0.05751907
-0.06459799
0.10235400
0.00126430
0.04882814
0.02704977
0.09357988
0.10058470
0.10798966
-0.10157403
-0.09483228
-0.10754084
0.13472171
0.08724494
-0.05761602
-0.13972241
0.13215293
0.11916827
0.11305913
0.03602413
0.15329595
0.02245299
0.10652185
0.14756879
-0.02523154
0.13776310
-0.03451677
0.10328472
-0.07761475
0.11859509
0.02363342
0.07453533
-0.13068753
-0.07673798
0.04719739
-0.05161532
0.09804375
0.08665510
0.15007775
-0.12458318
-0.10337862
0.05834198
-0.07009456
-0.03498917
-0.05621096
0.07042750
-0.22764196
-0.18599424
0.02917809
-0.07139359
-0.05236118
0.15158932
-0.17061795
0.08275405
-0.01066458
-0.07429884
-0.07269163
-0.00938396
-0.14370891
-0.15891610
-0.01947962
-0.01891436
-0.07449978
-0.06620952
-0.21284615
0.22467984
0.12826200
0.06817621
0.18150620
0.23878093
0.15015429
0.14618500
0.02393903
-0.20275305
0.13490565
-0.14367864
-0.02276857
0.19213125
0.07425121
-0.13692778
0.08111244
0.16001487
0.11874872
0.07604504
-0.03537343
0.02186432
0.06833237
0.07603504
0.11607933
0.29131010
-0.23587595
-0.08956918
0.03515722
0.01942971
0.08087485
0.17006150
-0.22810879
-0.02659344
-0.20731281
-0.27208647
-0.14769697
0.12647288
0.23725991
0.04327250
-0.00495052
0.14588219
-0.05141236
-0.06214229
0.02827854
0.22512737
0.08448825
-0.01755389
0.10687116
-0.00364401
-0.01099189
0.03983099
-0.12040666
-0.00520379
-0.03542177
0.04132207
-0.04697372
-0.13159478
0.05680323
0.08847035
-0.13600634
-0.01116737
0.02027209
-0.02410781
0.10222968
0.15294155
0.11653800
0.22316080
0.06607749
0.06418587
-0.03961726
0.05472992
0.19123830
0.02157693
0.20725545
-0.09991933
0.06675684
0.29082525
0.08719325
0.03645529
-0.04471526
0.11187553
-0.15762341
-0.12662224
0.12065351
-0.13809472
-0.02585579
0.23893517
-0.04648700
0.04464421
-0.14538661
-0.06518109
-0.07392257
-0.17182787
-0.07064594
0.09725694
0.05136972
0.04079823
0.04113319
0.00300675
-0.03758886
0.12457734
0.21576200
0.03924892
-0.04678420
0.13404487
0.18978651
0.11997160
0.12798771
-0.03851673
0.10126384
0.18158236
0.03623500
0.17066199
0.06583428
-0.05013049
0.03293126
0.06028244
-0.11631952
-0.06179494
0.15866038
0.11068661
0.09697363
0.15167403
0.06234945
-0.09503330
0.09425721
0.04218582
0.04153522
-0.15830325
-0.17603469
-0.07381996
0.05046333
-0.08818214
-0.03771451
0.05637578
-0.12596819
0.01368477
0.03670214
-0.00798066
-0.13071904
-0.19196348
-0.06532914
-0.04533186
0.04646735
-0.12219758
-0.04970662
0.04836734
-0.11992530
-0.09923662
-0.06927098
-0.08683626
0.07495319
-0.11280476
0.03664339
-0.00419778
0.06613657
0.08127405
-0.02755431
-0.11126620
0.00506360
0.16437389
-0.01529368
0.13345480
-0.00999271
-0.03206057
-0.16659434
-0.00219772
0.13815255
-0.11664775
-0.04934327
-0.11644781
-0.12226795
0.17968537
-0.08037498
0.02976689
-0.03159377
-0.03976180
-0.13711005
0.11891668
-0.06750233
0.05559875
-0.07367771
0.04059603
0.09030156
0.05586497
-0.00335174
0.05159826
-0.05457953
-0.06149384
-0.11705365
-0.00044921
-0.04835486
0.05059735
-0.05840240
0.02100234
0.01462077
-0.09706292
-0.10986270
0.11751997
0.16592571
0.13264892
-0.02835941
-0.09696100
-0.08739651
0.10804719
0.10594864
-0.05877214
0.09582219
0.16518359
0.08892211
-0.12106846
0.06004722
-0.07327539
0.00362862
0.00347111
0.15367264
0.14933787
-0.11339964
-0.07463998
-0.01977612
0.02177123
-0.06569154
0.00054143
-0.09324549
-0.08380886
0.09233572
-0.01915728
-0.03556013
-0.02483218
0.04137897
0.05008154
-0.05819080
0.09592175
-0.11854020
-0.15206893
0.11195039
-0.07544567
-0.06382091
0.05465432
0.14236325
-0.02137840
-0.10276597
-0.05815719
0.00290316
-0.04128840
0.11755440
-0.11069660
-0.07734199
-0.14526728
-0.14031944
0.03999178
0.06923527
0.13555168
0.01862950
-0.15224354
-0.01203890
0.03314174
0.00809459
0.21206486
0.02680756
0.15331970
0.03079811
0.09394755
0.20857795
0.11757883
0.05241829
0.06965879
-0.11469484
-0.00331598
-0.04504715
-0.16045606
0.03514280
0.15397209
-0.09486633
0.12947507
0.14459629
-0.16016819
0.02601708
-0.05706345
0.00216833
0.00938109
-0.14604487
0.14603437
0.04065783
-0.09571809
-0.06581649
0.09581070
-0.12174232
-0.11455638
-0.08536618
-0.07459413
0.04822847
0.15095066
0.03973630
0.01385996
0.09685991
0.03745194
-0.02931317
0.13922529
-0.13772541
0.03574893
0.07383643
-0.01722834
-0.04626187
0.10982947
-0.14516151
0.01215554
0.03528901
-0.03196999
-0.00158814
-0.09948464
0.05090429
0.08961484
-0.08222621
0.03326891
-0.03548731
0.17767084
0.07743689
0.11325300
0.00635578
-0.05592639
-0.08269640
0.15354918
0.17047970
-0.15017495
0.03541076
0.00987656
0.17686035
-0.14103924
-0.05038052
0.06556606
0.00306882
0.17549196
0.11674039
0.10832492
-0.05319459
0.05194626
0.06084589
-0.07232554
0.02264437
0.05659202
-0.13311268
-0.03473718
-0.11334935
0.05233653
-0.14002830
0.00174510
-0.04530243
-0.13037325
0.11824472
-0.01217509
-0.07451793
-0.07768968
-0.07104962
0.03588378
0.02896141
0.13861308
0.17120448
-0.07744101
-0.11592817
0.06207272
0.11349453
0.05146470
-0.01737809
-0.08235575
0.10571459
0.07755800
0.11374135
-0.07292820
-0.03693496
0.12481913
0.06902601
0.02275201
-0.10363940
0.11557677
0.05748500
-0.05433976
-0.01152671
-0.04125128
-0.01852666
-0.15862617
-0.16953956
0.15526113
-0.02560501
-0.11042216
-0.06313249
-0.04002796
-0.09817609
0.10421660
-0.02663674
0.04833834
-0.12572877
0.05663360
-0.02622040
-0.05234352
-0.06732553
-0.05712969
0.12593433
0.05776693
0.07186749
0.05291856
0.12485517
0.09767225
0.06851783
-0.01210579
-0.08942392
-0.11590140
-0.11560670
-0.05044110
0.05264759
0.10459072
0.10151377
0.09594351
0.08914768
-0.01100012
0.09210570
-0.06983589
0.18919745
0.15537517
0.04463265
0.03829415
0.08470426
0.15616728
0.01670497
0.00301782
-0.06558970
-0.07729695
-0.01070809
-0.08401942
0.15887976
0.17534250
-0.08681098
0.10151368
0.04104506
0.02761859
-0.00372402
0.12566744
0.00239523
0.17705803
-0.09358001
0.13285060
-0.05552334
0.18710417
0.03241458
-0.09011731
-0.15542309
0.08465245
0.16992515
0.11771381
0.14195539
0.13721301
0.00669793
-0.10185307
-0.10939666
0.07062608
0.07734717
0.13599652
-0.03064269
-0.07659490
0.00232461
0.06684480
0.02536338
-0.04424208
-0.09779578
0.03736074
-0.10649441
0.02314656
-0.10568349
-0.11725070
-0.09161472
0.08885452
0.06135918
-0.11873955
-0.00174330
0.02119378
0.01407874
0.03919002
0.07882832
-0.08765926
0.14349981
0.05478412
0.14488111
-0.06214109
0.18430987
-0.15888228
0.08933894
-0.01879264
0.04603908
-0.16144830
0.12965406
0.12692624
0.03038721
-0.07889039
0.17180870
0.20740752
-0.13204847
0.16183494
0.14274859
-0.03226045
0.18968201
-0.00571566
0.02484164
0.12059997
0.20552100
0.10461152
0.02079915
0.18125308
0.14800224
0.01464212
-0.02909636
0.06508122
0.14223401
-0.06296836
0.08468053
0.02026276
-0.07316492
0.09119713
-0.03927598
0.08113238
-0.10711137
0.10836859
0.00781695
0.04581873
-0.02944200
0.02163360
0.02835666
0.12743366
-0.13248555
0.11639405
-0.14917482
0.01106097
-0.01103433
-0.02689195
0.16671379
0.05928325
-0.03749493
-0.09813546
-0.02320885
-0.15919223
-0.06008636
0.12754227
0.02282576
0.01475528
-0.00687466
0.15013579
0.22315961
0.16990714
0.20773514
0.05417457
0.11308125
-0.02680446
0.19676304
0.09188483
-0.09926806
0.05412747
0.09374561
-0.07571094
0.01653773
-0.08290366
0.08845175
0.09494292
0.00201457
0.04827627
0.13589154
-0.01828786
0.02719688
0.09654429
-0.04832080
0.20372875
0.02671458
0.07451141
-0.03563618
-0.11443754
0.09270948
-0.05111488
0.11332735
-0.07280037
-0.10861145
-0.05283691
-0.02332960
0.08115178
-0.09396330
-0.13484864
-0.10667126
-0.02174050
0.08513246
-0.12681182
-0.02905420
0.07812146
-0.04753681
0.16165119
-0.11728488
-0.08394662
0.02729762
0.11232101
-0.10953195
-0.15647347
-0.07575514
-0.10901979
0.06165604
-0.01233792
0.04981347
-0.03914506
0.04002948
-0.03711892
0.04121030
0.03487207
-0.02309328
-0.05331916
0.10210563
0.09256718
-0.01415379
-0.01647829
0.01104848
0.09726571
0.13159223
0.01704411
-0.10348587
0.00294580
0.20087557
0.08938043
0.16755347
0.11723284
-0.01802503
0.13930564
0.04737617
-0.04674190
-0.06209295
0.02666778
-0.10942488
-0.02250464
-0.00720134
0.08846539
0.12634885
0.15393803
-0.07099828
-0.12119947
0.04998556
0.15272506
0.17976031
0.02110278
-0.02707658
-0.06249230
-0.03166366
-0.01001796
0.05439018
0.01776873
-0.17197016
0.22843422
-0.14711420
0.08191732
0.01638686
-0.06204553
-0.11287227
-0.01727141
0.01182001
0.00316486
0.10035186
0.19690418
-0.11846573
0.08395810
0.18173797
0.00068254
0.09375357
-0.05378694
0.01869811
0.00675490
-0.15171923
0.05392967
-0.05574335
0.01765974
0.02257697
0.19175491
0.21671359
0.14931332
0.15270564
0.02763824
-0.03349423
0.09224316
-0.03716531
-0.03928844
-0.10616836
-0.03349803
-0.08498530
-0.04657575
-0.03753120
-0.05257405
0.04515552
0.06980410
-0.09827141
-0.09895576
-0.13839945
0.00124966
0.04237634
-0.00122591
-0.16392073
-0.12979801
-0.13106790
-0.20709755
-0.16744450
-0.08129232
0.05942245
-0.08851987
-0.10828119
-0.01132275
0.16209829
0.27277550
0.10168505
0.00016292
-0.14069846
0.08251753
0.12652338
-0.09786456
0.18835151
-0.06627429
0.13328916
0.21664795
-0.00994230
0.03884131
-0.10026765
-0.01467893
-0.00209329
0.01302871
0.06625299
-0.09679471
-0.03054893
0.10661955
0.05234550
0.23126848
-0.21164706
0.05750943
0.07456151
0.03972131
0.05552000
0.17973004
0.07110296
0.01097643
-0.20046131
-0.19623427
-0.02320343
-0.01013097
0.06866404
-0.15216874
0.07541141
0.01228781
-0.00738855
-0.07166997
-0.09285809
0.14867663
-0.05429940
-0.10433188
-0.07670455
0.04349651
0.06717590
-0.08049973
-0.07090846
-0.04597210
-0.06506182
0.12918465
0.08519791
-0.07868279
0.02769700
0.05055690
0.09397956
0.16696203
-0.03221602
-0.07187348
-0.12498965
0.06922426
-0.07345264
-0.05186424
0.06855530
-0.01916396
0.00613713
0.05311604
-0.00372414
-0.06148941
-0.10454240
-0.13497636
0.01210787
-0.09503565
-0.05991454
0.05353413
-0.11683446
-0.00387556
0.10729590
0.06121124
-0.06944243
-0.11258455
-0.09852394
-0.02299766
0.01777884
0.10429133
-0.09135513
0.10087220
-0.00283129
-0.05064226
0.06857610
0.00119062
-0.04612385
-0.13059904
-0.10010456
-0.07719408
0.02885787
-0.03959996
-0.10903706
-0.01229987
0.02039345
0.11289218
0.01726238
-0.03390152
-0.14225101
-0.06158988
-0.00844677
0.11415806
-0.03661051
-0.03667488
-0.08967863
-0.02921485
0.09452912
-0.12936696
-0.06113635
0.08538603
-0.07469693
0.00561407
0.06432385
-0.04338783
0.08021609
-0.04325042
-0.07086360
-0.11356885
-0.11552460
0.13007525
0.04399707
0.03928988
0.09241427
-0.11745521
0.00090502
-0.07827070
-0.00943367
0.05297995
0.09315643
0.00210585
0.12523146
0.01173772
0.14776479
-0.18652356
0.02000397
-0.10532238
-0.08918423
0.10670498
-0.01533023
-0.05462066
0.06884184
-0.06361736
-0.03374889
-0.02408276
-0.04559028
-0.02859654
0.10694496
-0.13051033
-0.14732580
0.06641166
-0.11966944
0.08646966
-0.17038620
-0.07408357
0.06672098
0.02862813
0.09336901
-0.13014944
-0.12009846
-0.13042864
-0.04980247
-0.09196832
0.11781430
0.03675275
-0.05008699
0.12855123
-0.08341812
0.02353321
0.07139264
-0.04872173
-0.03430991
0.19511671
0.07538889
-0.01994509
-0.06036565
-0.05509645
-0.00648502
0.03054219
-0.08726202
-0.07458091
0.11121623
-0.02255606
-0.13756730
-0.13373832
0.10323396
0.22481622
0.04585669
0.10804973
-0.06839274
0.08593076
-0.11153451
0.08288577
-0.03650397
-0.10154887
0.01364058
0.06872737
0.09459548
-0.03365692
-0.01550481
0.11784627
0.02992250
-0.03660688
0.02033388
0.03224567
-0.03823723
0.00560657
-0.09136450
0.07035169
-0.07775692
0.05380076
0.03368247
-0.09740453
0.01475788
-0.07094746
-0.08558289
-0.07802410
0.01460068
-0.11044624
0.06455448
0.02892626
0.11547999
0.07917647
-0.00198709
-0.08581498
0.02711581
-0.11883565
-0.12186109
0.13860351
-0.04097153
-0.10316124
0.15250306
-0.09224624
-0.06202438
-0.08782531
-0.15797105
0.04455136
0.10563207
-0.07735146
0.04360688
0.04516577
-0.14519687
0.01272523
0.07334287
-0.11669528
0.01758795
0.03287128
-0.11574765
-0.01798590
-0.03015086
0.19246513
0.22630149
-0.09689889
-0.02462543
-0.09198428
0.13444950
-0.07722265
0.11480897
-0.01773659
0.10830561
0.01191096
-0.04489272
0.03137806
-0.03407735
-0.06131557
-0.09453118
0.08200282
-0.00422080
0.01097942
-0.00950672
0.00162179
-0.00662028
0.14972898
-0.07562596
0.04820484
0.01891497
0.08320187
0.10312694
0.17821631
-0.03869779
-0.00523559
-0.16940404
0.02655043
-0.12724987
-0.05576316
0.13226825
0.01253827
-0.10597032
0.06627147
0.13933855
0.05717656
0.19702885
-0.14104299
0.02393166
0.11272647
0.02744679
-0.08683275
0.04885739
-0.08482364
0.14922294
0.04006196
-0.00906015
0.20390160
0.18710974
0.03334607
-0.07369443
0.08447661
-0.05421638
0.03053706
-0.02830007
-0.06666184
-0.06037232
-0.14341837
-0.04635425
-0.17808412
0.08168772
-0.17061898
-0.12483085
0.02996133
-0.02824860
0.05109037
-0.07907157
-0.12296060
0.07085970
0.02691228
0.05810646
0.14975588
0.13140011
-0.08516717
0.12679878
0.17093207
0.08980669
0.12283619
0.12863399
-0.07333870
0.02371540
-0.06870943
0.17327832
-0.05664356
0.07738893
-0.03098678
0.02983534
-0.16755870
0.09521722
-0.00428030
0.13393529
0.18636982
0.02730681
-0.04361872
-0.07931938
0.09293570
0.08529363
0.02009504
-0.07190789
0.05255546
0.04641417
0.07873930
0.00138996
-0.12724786
0.18453772
-0.13388886
-0.22565049
-0.05227326
-0.17204265
-0.15361330
0.07884388
-0.20542924
-0.18225007
-0.14996669
-0.00380389
-0.04581293
-0.03153226
-0.00209412
0.11135358
0.03380641
-0.17881238
0.12683417
0.02622822
0.04871219
0.19994015
-0.02436788
-0.15868856
0.04451673
0.14411470
-0.14032531
-0.01232486
0.02201853
-0.10218523
0.05346809
0.13470863
-0.22678699
0.00929817
0.12187555
0.03900049
-0.11180376
0.12049327
-0.15295477
-0.10206844
0.12608282
0.01377388
-0.00631158
-0.00500727
0.07403745
0.00775305
-0.14778389
-0.08328848
0.08021352
-0.24922267
-0.07996394
0.02762414
-0.14364122
-0.18818003
0.03932884
0.17133455
0.05601806
-0.02694351
0.17237878
-0.16768578
-0.10159691
-0.01646783
0.03761303
0.07454038
0.08316078
-0.16676298
-0.00618640
0.03617186
-0.12016197
0.23650794
0.07724817
-0.09626216
-0.02339799
-0.01103743
0.22779952
-0.09778794
0.11988601
0.12475606
-0.11094428
-0.02322585
-0.01338350
0.13304855
0.08051791
-0.14776768
-0.10156792
-0.03425106
0.10798018
0.10898358
0.07629206
-0.10982884
0.09396196
-0.01020444
0.10182937
-0.11471727
0.05151312
-0.11390261
0.23085025
-0.05233757
0.06161639
-0.01843430
0.11949431
-0.10499050
-0.11683316
0.14736016
0.12637974
-0.02419416
0.05290357
-0.00072584
0.09904584
-0.11526770
0.09768106
0.08579358
-0.03603906
0.11455708
0.22688505
-0.02458869
0.03071444
0.22469419
-0.03335075
-0.01187979
0.22974126
0.08769193
-0.17471983
0.11319155
0.01136518
-0.01192477
-0.00519352
-0.03993503
-0.06751912
-0.02998129
-0.00731568
-0.06251036
0.05592503
-0.13106874
-0.08644522
0.14924176
-0.06045162
-0.03683193
0.04307057
-0.06455724
-0.16030799
0.01851664
0.18266392
0.07987525
-0.10582167
-0.07761710
-0.00217995
-0.07200332
0.10782510
0.01019805
0.16689408
0.07210188
-0.14929973
0.03163294
0.02030474
0.16406402
0.14171201
0.00800851
-0.02719720
0.00210862
-0.03569062
-0.09374106
-0.01092672
-0.09489752
-0.11515339
0.14920172
-0.04350080
-0.06186786
0.16836789
0.02091124
0.18380579
-0.08949938
0.09141027
-0.05320093
-0.12262832
-0.00061481
0.21920714
-0.07959241
0.09192999
-0.04260780
0.00474676
-0.04604905
-0.08546271
0.13512111
-0.21165761
-0.16079302
0.17486885
-0.18340786
-0.13843012
-0.11636946
0.25532460
-0.11368138
-0.14204325
0.20519263
-0.25445971
-0.17266676
0.04246863
-0.26867968
-0.09986512
0.15299036
-0.34347340
-0.24090530
-0.14327294
-0.05311170
-0.17967376
-0.35543817
0.05917874
-0.00692715
-0.05743963
-0.08835921
0.15189597
0.14731495
0.26200423
0.10322144
0.04638834
0.01325241
-0.11193566
0.21588588
-0.24800329
0.29072213
-0.08031053
0.06364085
0.33505452
0.09640019
-0.29595372
0.00255274
0.17535175
-0.04458814
-0.21714787
0.13899747
0.00273027
-0.06079884
0.37665603
0.04503195
0.13883612
-0.21892577
0.00408024
-0.00334045
0.05081569
-0.15299103
0.10249542
-0.16120684
-0.21551254
-0.09315616
-0.16928764
-0.23585279
-0.17647794
0.16951357
-0.13517158
-0.15194650
0.23443273
0.11375119
0.03167276
0.14576955
-0.01919747
0.00243100
0.03882734
-0.13727202
0.10028329
0.08403099
-0.11528502
0.09055866
-0.04488090
-0.11722030
-0.03129090
0.18951565
0.18963228
0.00134970
0.13060640
-0.08479319
0.03639312
-0.08504619
0.00668957
0.00035288
-0.12970527
-0.11560187
-0.07895565
-0.07018376
-0.06575882
0.01625260
0.03552210
0.09158657
0.02172239
0.05971773
0.11824199
-0.06093209
-0.14493528
0.12627216
0.02338406
-0.06989423
0.11830869
-0.08566967
-0.01501364
-0.11208572
-0.09228618
0.06208151
0.07175849
-0.03970030
0.08241739
0.06091077
-0.08793649
0.04831880
0.20559429
0.17058286
-0.13473043
0.17019576
0.15015569
-0.01568300
0.16119131
0.05634304
0.05792340
0.01918792
0.00524566
-0.05235545
-0.02103838
-0.12100546
0.04869657
-0.12740590
0.35307756
-0.20543931
-0.13516763
0.08163081
-0.14591704
-0.15418233
0.15338203
-0.19970787
-0.13461404
0.17166580
-0.15333959
-0.31512955
-0.03162144
-0.09778646
-0.16614865
-0.16202717
0.18401112
0.05944360
-0.19485588
-0.36264208
0.24566418
0.23644269
0.33321610
0.17962652
0.09229016
-0.13090463
-0.02351113
0.18347183
-0.03801616
0.09837821
0.13067918
0.06857293
0.21456774
0.17604376
-0.13889858
-0.10783670
0.07522926
0.11018363
-0.05405394
0.24334797
-0.06471226
-0.00712413
0.30999383
0.17306751
0.18027571
-0.29048043
-0.01033153
0.08419097
0.02777572
-0.20248263
0.35426646
-0.34714973
-0.09045396
-0.28243545
-0.33417326
-0.25620627
-0.06804651
0.29401177
-0.09844891
-0.24185103
0.27412471
-0.05988788
-0.18339124
-0.00381555
-0.13877138
0.01304115
0.11215761
-0.06636697
0.01664066
-0.06916438
-0.07194758
0.10795115
0.03023848
0.01361525
0.12354823
0.15272321
0.04198764
0.07599873
-0.00595295
-0.03593011
0.08453112
-0.00445313
0.00356007
0.08346596
0.04194271
0.08760422
0.01048927
0.05274862
0.05301816
-0.03000519
-0.14319085
0.11937805
0.11663695
0.13345911
-0.14819716
-0.00222784
0.07504448
-0.06003474
0.06671490
0.00689898
0.07218900
0.00215306
0.13922210
0.14919080
-0.06179293
0.16613056
-0.01956231
-0.04383098
-0.03574197
0.09273821
-0.03272976
0.01326259
-0.07008141
0.02133974
0.10913784
0.06974494
0.03773997
0.10157079
0.00249014
-0.00160726
0.06382248
0.04519390
0.16955915
0.11639204
0.03140884
-0.06647272
-0.00459706
-0.01056908
0.11036553
0.12900694
0.09817035
0.04900185
-0.12055972
0.12059703
-0.00657474
0.17592938
0.05822069
0.09492642
-0.07648697
0.15072870
0.03807883
-0.01158206
0.14768597
0.01456489
0.07770407
0.08621113
-0.07260469
0.09669691
0.05745352
-0.07162867
0.16064602
0.16771115
-0.06910051
-0.07264825
0.05414551
-0.01726729
0.00873487
-0.01613752
-0.04941603
-0.05236385
0.11754782
-0.05460870
-0.11409275
-0.03030952
0.18063572
0.09430618
0.11970431
0.07626007
0.07835399
-0.11995732
0.15788457
0.15093245
0.20909156
-0.03839310
-0.02922702
-0.01532993
-0.03955040
0.09054914
0.00339825
0.13068652
-0.09427361
-0.04647849
0.08921121
-0.00557914
0.02100474
0.17519587
0.02666719
-0.00647852
0.06831820
-0.10648708
-0.00709820
0.10694705
0.09914436
0.05798627
0.01153487
-0.12486486
0.09942292
-0.05173245
0.07547347
-0.00921365
-0.03799267
0.08246984
0.04574585
0.12549296
-0.11817605
-0.03902284
-0.13898681
-0.06097649
0.04396993
-0.00605591
-0.12144690
0.04965448
0.00006874
-0.02020602
0.00815912
0.17226677
-0.05340884
-0.03404840
0.08656065
-0.06380142
0.00893816
0.00721440
0.00964016
-0.09811629
0.14210831
0.02274622
-0.05707361
-0.10155200
-0.13455629
-0.02004374
-0.04048115
-0.05817055
-0.14681031
0.01774587
0.02364087
0.00093642
-0.09222203
0.12566838
0.08445247
0.11618204
-0.04004622
-0.02789654
0.06631270
0.01877522
-0.01574605
-0.07235412
-0.05462844
0.11013526
-0.00373191
0.08043989
-0.14110821
-0.13545963
-0.01466131
-0.10511825
0.09667794
0.09712835
-0.06444482
-0.03318680
0.13196288
0.07677571
0.03467088
-0.13068539
0.14171213
-0.02693055
0.13584384
0.08399233
-0.06935697
0.02314786
-0.08877873
0.00077467
-0.00174831
-0.08299766
0.11010202
0.05637292
0.13983661
0.15728346
-0.01772857
-0.10397535
0.02803398
-0.00660619
0.05924512
-0.09236948
0.07666935
-0.01971239
-0.02742267
0.02684630
-0.12410581
0.11710297
0.10422841
0.09474021
-0.05699914
0.00320003
0.12962839
-0.10327251
-0.00952500
-0.08735295
-0.09302448
0.02068221
0.06198989
0.01014016
0.11822716
0.11001980
0.06652621
0.03251174
-0.00623700
0.12186576
-0.01516381
0.12301657
-0.11554805
-0.01805127
0.13010232
0.05272007
0.02323454
-0.06021225
0.04764700
0.08737291
0.14472330
0.06542195
0.11061925
0.14566185
-0.04130908
0.02584135
0.17254189
-0.06284959
-0.02491562
-0.12269738
0.15417418
0.07016119
0.01617522
0.11377338
0.12510532
-0.13327053
-0.09882051
-0.01055169
0.02725715
-0.12807260
-0.08598933
-0.12799710
0.09391394
0.09803444
0.00821979
0.15014243
-0.03489036
0.07313974
-0.06151524
0.02933053
-0.03160605
0.04329389
0.17962669
0.11867757
-0.04450787
-0.07172114
0.05128413
0.06459885
0.04082750
-0.11882132
-0.03841364
0.09239174
-0.04798896
0.09576440
-0.01258268
-0.13227293
-0.03335029
0.14238203
0.04339484
-0.04009397
-0.03947249
0.10081036
-0.05803023
0.19433050
-0.05821650
0.17102548
0.07580988
0.07667730
0.04749159
0.13007703
-0.06349345
0.11472324
0.06998463
0.08210415
0.05550660
-0.16617154
-0.07987744
0.00932891
0.16737330
-0.16888328
-0.08557390
0.20463832
0.07913734
-0.22244988
0.19428132
-0.18652424
-0.05269775
0.05416107
-0.10456833
-0.07099328
-0.08966421
-0.11396612
-0.13061465
-0.17675769
0.03766816
0.01960017
-0.13704692
-0.22998126
0.04367177
0.10181232
0.20924664
0.12245021
0.10099998
0.01734084
0.01589541
0.13192990
-0.05337465
-0.02961838
0.14585388
-0.03761928
0.17282248
-0.00162779
-0.14280064
0.01825573
0.20540881
0.05774749
0.03053932
0.08683610
-0.06231318
-0.10197035
0.29003945
0.13635662
0.06978071
-0.10662181
0.07690381
-0.05412190
0.04636607
-0.09973815
0.25161159
-0.19076186
-0.19418719
-0.15552169
-0.15742126
-0.22440746
0.02984775
0.14624071
-0.08683968
0.01648721
0.09244277
-0.01629906
0.10946428
-0.12736563
0.06837828
-0.18540421
0.03480751
0.10154349
-0.22452880
-0.27992532
0.09701659
-0.20974976
0.00367850
0.07041151
-0.19606982
-0.03977576
-0.04580387
0.04877599
-0.10877971
-0.20284195
0.23769012
0.09532054
-0.09809683
-0.19827171
0.24162416
-0.00916265
0.13362898
0.14403860
0.09871282
-0.13772617
0.04986230
0.09006622
-0.01877979
0.26607826
-0.01643567
0.11264640
0.23078285
0.21537694
-0.12005827
-0.14724870
0.27463356
-0.10275584
-0.07661634
-0.03856972
-0.13743071
-0.28128806
0.28081283
0.08511437
0.30200297
-0.17490470
0.01605318
-0.05933061
-0.10658482
-0.08145800
0.09484741
-0.17695329
-0.06368200
-0.06335390
-0.03530654
-0.01735088
-0.09772632
0.24447946
-0.05778426
-0.24677715
0.09106980
-0.06645696
-0.05129350
-0.12936954
0.23000549
-0.14882861
0.00295698
0.15421459
-0.05350053
-0.29450232
0.15155622
-0.08598774
-0.19552895
0.19975983
-0.08765214
-0.22895433
-0.25009143
-0.12803288
-0.09295649
-0.24451371
0.24136733
0.14363012
-0.09649886
-0.05943875
0.08257909
0.16095676
0.36543185
0.09995004
0.00386149
-0.09200314
-0.04785154
0.02590548
-0.15753864
0.01414268
0.04735557
0.07577636
0.23402455
0.15822291
-0.27893782
-0.10878021
0.21243735
0.00142701
-0.03004847
-0.05458766
-0.08283278
-0.23562638
0.02352098
-0.00178285
0.05112183
-0.08097943
0.15097235
0.04889090
-0.02793438
-0.16522430
0.06940329
-0.06249412
-0.20807782
-0.06560597
-0.08402459
-0.08892947
-0.12260451
0.06771305
-0.04813135
-0.24735321
0.18356474
0.11382218
-0.15084465
-0.13364887
0.09984037
0.13300662
0.08573449
0.01516185
-0.09777246
0.09157015
0.07578577
0.13973516
-0.12164044
-0.05743423
0.03696068
-0.08869868
0.12873831
0.06822040
-0.00778731
0.12951146
0.11647471
0.09232034
-0.07639400
-0.02170222
0.10215665
-0.00636125
-0.02985252
0.00444181
-0.08190194
0.04054944
0.04762572
0.10247097
0.05099458
-0.02294594
-0.09347652
0.08289426
-0.01917729
-0.08784323
0.04201205
0.03884474
-0.11300931
0.04499908
0.10220899
-0.00007082
0.03225675
-0.01620270
0.07330024
0.13628745
-0.03142508
-0.02549771
0.15961280
0.13137369
-0.15559530
-0.11442016
0.13180558
0.13557149
0.12346561
0.01074258
0.02268389
0.01052298
-0.05782856
0.15086323
0.11598516
0.12761119
0.05322186
0.06421962
0.00485393
0.09260009
0.24593818
-0.03787664
0.05431487
0.24561659
0.06836300
-0.01545377
0.19822176
-0.09572478
0.02507707
0.16197051
-0.20011953
-0.22249795
-0.19880807
0.03289241
0.01695656
-0.15291013
0.16353691
-0.04114560
-0.25681689
-0.16931087
0.17108008
0.22251756
0.15340908
-0.00120236
0.04517085
-0.00304598
0.09938052
0.10352375
-0.01650632
0.00270263
-0.00749733
0.16725914
0.08552323
0.20004414
-0.02493735
-0.06170335
-0.03101012
-0.07410870
-0.12077197
0.21770453
0.10481622
0.04911609
0.11537249
0.04072545
0.14928596
-0.11425558
-0.02614731
0.16687188
-0.11706455
0.04284175
0.19123891
-0.19563521
-0.17641436
-0.22593729
-0.20873222
-0.06950627
-0.03833921
0.22944324
0.02846166
-0.05921859
0.05035915
-0.10707347
0.06652522
0.06957053
-0.03313132
0.05374433
-0.17774244
0.19825535
0.04196579
-0.08275758
0.08054156
-0.19826353
0.02981126
0.22372814
-0.11889868
-0.13578512
0.05708116
0.06123453
0.03211182
-0.10054035
0.09694992
-0.02531985
0.02108472
0.06646020
0.23481305
0.21231116
0.26700243
0.20305975
0.03885370
-0.11186417
-0.06798299
0.12769704
0.04834675
0.20342530
-0.06044901
0.03935499
0.19297223
0.18170807
-0.04975056
-0.09448862
0.03365676
-0.14595090
-0.06973696
0.17484249
0.10036834
-0.05395245
0.15149166
0.14040461
0.28178653
0.08551214
0.18944794
-0.09751831
-0.05443234
-0.00666282
0.12617895
-0.05392040
0.07566902
-0.17164409
-0.11339238
-0.10529626
-0.14217924
0.08265495
-0.10149420
-0.00258367
-0.06355578
-0.05032656
0.08302954
0.08940377
-0.13587962
0.23475568
0.03477831
0.05421951
0.04934153
-0.04009157
-0.05368793
-0.03198737
-0.03887428
-0.04840771
0.03049014
0.04073806
0.00692741
0.04791657
0.21162364
0.12836245
-0.07752301
-0.08576808
0.03287455
0.19985624
-0.06032115
-0.18179294
-0.06644263
-0.10997709
0.07111018
-0.02827241
0.02202690
-0.04226738
0.22875375
-0.15055497
0.02053387
-0.03173920
-0.16727075
-0.04861050
0.21152860
-0.04915157
-0.00870190
-0.11783030
0.17712428
0.03760984
-0.12936181
-0.18024361
0.00454025
0.02434953
0.04128063
0.00228534
0.02863387
0.05931613
0.22581516
0.07180379
0.02160128
0.10213457
-0.03342019
0.16828792
0.10333606
0.00349151
-0.01864632
0.02265101
0.16757396
0.22205310
-0.14171454
-0.10464727
-0.05803389
0.06152561
0.15324397
0.04427741
0.11240122
0.12815775
-0.04998690
-0.15930052
0.12898540
-0.06939080
0.03411141
0.08724348
-0.06767303
-0.04931258
-0.12504520
0.02505889
-0.17056373
0.09191105
0.01300382
-0.07549258
0.02296056
-0.13217466
-0.04782079
0.10771712
0.03374107
0.23359016
0.10944748
-0.06282023
0.04229172
0.17951177
0.03559534
-0.07873612
-0.09853508
0.15559781
-0.01632804
0.06401363
-0.06627575
0.00596023
0.06740604
0.01600124
-0.10664529
0.14283065
-0.08419699
-0.07295553
0.10459071
0.09831332
0.00025491
0.01163521
-0.09771840
-0.05545128
0.06241420
0.04504473
0.05496449
-0.11191330
-0.10963150
-0.03692762
-0.05063229
0.03324459
0.04228688
0.14332582
-0.17007278
0.02691959
-0.09153420
-0.08496127
-0.09965654
0.06723296
-0.00593310
-0.14678064
-0.05577247
0.08539549
0.11509155
-0.13571921
-0.02711330
0.03690988
-0.06778228
0.14597180
0.06386869
-0.07342872
-0.02216854
-0.05119067
-0.10760026
-0.04120555
-0.06872012
-0.04075504
-0.12669094
-0.00476143
-0.07293548
-0.05515443
0.04926729
0.22516178
0.05494907
-0.15720831
-0.02387606
0.18854597
-0.14006048
-0.06034630
0.08705322
-0.05630610
0.11587527
0.14513095
0.04798812
-0.03511788
-0.08870093
0.10371280
0.07874859
0.03484914
-0.02834058
0.09568092
0.14950846
0.11124033
0.07730481
-0.05633081
-0.04388675
-0.10841468
-0.01026913
0.13087976
-0.10271294
0.09897671
-0.08551751
-0.01947746
0.01401031
0.09866042
0.13169575
0.15623584
0.11815822
-0.07196690
0.05347893
-0.07743084
-0.06277522
0.06769575
0.11883862
-0.10943634
-0.14038517
0.04361846
0.08958212
-0.06559840
0.00035511
-0.13811110
0.06316211
-0.04762432
0.01768771
0.04669880
-0.14173196
-0.15618640
0.10456463
0.09686211
0.14752974
-0.05301596
-0.03505327
-0.04682881
0.01532376
0.01134579
0.02806525
0.05283661
-0.10496651
0.13812399
0.09277007
-0.04509510
-0.19605953
0.18061556
0.11193937
-0.01530551
0.08512104
0.04037165
0.02568001
-0.10148616
0.07094260
0.05521548
-0.02943756
-0.09185141
0.13167380
-0.04002323
0.00573376
0.01210692
0.12150713
0.06712978
0.03923724
-0.02782409
-0.04563607
-0.10304035
-0.05927576
0.04102805
0.10917456
0.01631764
-0.02950084
-0.02749567
-0.05351216
0.15476924
-0.12407820
0.04816884
0.13170154
-0.08111677
0.01548569
0.08480992
0.06923523
-0.06980493
0.04230526
-0.00807654
0.16179307
0.04682200
-0.01591722
-0.06401432
-0.01471654
0.10405146
0.05074247
0.11883778
-0.05925962
-0.00144711
0.07362337
-0.09087137
-0.05084217
-0.07515929
-0.00591499
0.18875216
0.02343408
-0.07460464
-0.02859757
-0.02901572
0.08311125
0.05946971
0.04667149
0.06648836
0.08745348
0.00135501
0.01754922
-0.08748025
0.05506008
-0.06534755
0.09314161
0.03338141
-0.11095624
-0.07370312
-0.02133868
0.06388906
0.08935522
-0.01788251
-0.04938559
-0.14145204
-0.01215161
0.17371233
-0.00702671
0.07209531
0.17368469
0.10164880
-0.04244086
0.01667258
0.10909095
0.13774976
0.01392831
0.06548230
-0.04781773
0.03995420
0.10989339
0.11234252
0.10471749
0.11285528
-0.11292072
0.17282912
0.08214007
0.15757354
0.13356934
0.13124534
0.09994458
0.08678330
-0.08390111
-0.01675232
0.15161388
-0.00031751
-0.02140753
-0.09351043
0.16479921
-0.09598961
0.05284576
0.12077237
0.00836960
-0.12099059
-0.08903871
0.18228628
0.11076754
-0.11811426
-0.12769684
-0.04633187
-0.08828698
-0.07353126
-0.01667084
0.09200967
-0.06136405
-0.02489235
-0.08431455
-0.11551853
0.03737988
0.05679351
-0.04467271
0.07052392
0.01811701
-0.05456510
0.00455201
0.00286944
-0.13327305
-0.10229234
-0.11813872
0.01147915
0.06394164
0.07454488
0.05025081
0.09119006
0.19315155
-0.03727912
-0.01958081
-0.07540276
0.13441476
0.17918646
0.00526515
0.01293604
-0.07936944
-0.12989712
0.04420361
0.08885358
-0.06907257
