-0.12694509
-0.01611608
0.01513685
-0.05163531
-0.19824548
0.08448078
0.17443611
0.23901439
0.15697123
0.06458005
-0.19886890
0.15589781
0.38940203
-0.00553006
0.40932304
-0.10660762
-0.29050165
-0.00932388
-0.03358875
-0.17609389
0.20432560
-0.02405315
-0.25872153
0.03362584
0.24335884
-0.11046606
-0.28627586
0.12494310
0.19694857
0.01770553
-0.06456103
0.02694465
-0.14528987
0.06966446
-0.02236484
0.07366553
0.04077658
-0.13522875
-0.11895914
0.07054503
-0.00636201
-0.19736011
0.04249315
0.11262748
0.14183342
-0.02824615
0.04584570
-0.05697860
-0.04342913
-0.15511230
0.03347307
-0.02898358
0.02299480
0.06284386
0.03382942
0.06289750
-0.08332390
-0.15852685
-0.15330212
-0.13271911
0.10671461
-0.01039888
-0.13596728
-0.04574881
0.03978265
0.07764275
0.02827912
0.16862501
-0.04346695
0.16532692
0.23475002
-0.06946504
-0.18641335
-0.00889435
-0.16658092
0.00723070
-0.30848154
-0.16065334
-0.08199444
-0.05481110
0.15183263
-0.19980884
-0.08369626
-0.09970248
-0.04405328
0.42151663
-0.23515825
-0.03571748
0.15605576
0.22119144
-0.07018881
0.09636763
-0.04062827
0.13919678
0.09357499
-0.10571765
-0.03494482
0.12370144
-0.00592566
-0.11440697
-0.00555738
-0.06779157
-0.17213503
0.06472013
-0.09972413
0.12778638
-0.17624368
-0.09651005
-0.08371586
0.11472211
-0.04196286
-0.24442288
-0.06700899
-0.02491954
0.07486321
-0.08022588
-0.07190990
-0.07531880
-0.02624053
-0.00182772
0.11853832
-0.07689553
0.16662544
-0.00710327
-0.02105857
0.00157894
0.04151052
0.11081336
-0.02691485
-0.03838984
0.08972315
0.22667813
0.03893363
-0.02596268
0.07912859
-0.23112690
-0.20370597
0.07356527
0.08201902
-0.14112096
-0.45654693
-0.03779836
-0.42421153
0.05412330
0.33167887
-0.03878484
-0.18084750
0.09863418
-0.21654968
0.23050931
0.23734568
-0.02168690
-0.14347591
0.18002471
-0.25940299
0.15732527
0.04537197
-0.04345214
-0.07285221
-0.11090340
0.05833493
0.08484624
0.15343101
-0.03222795
0.01798627
0.16811557
0.11913189
0.17442793
-0.00011131
-0.17780228
-0.13811046
0.28268337
0.08456901
0.10021669
0.21184036
-0.00162669
-0.25013253
0.05766515
-0.06412452
-0.21090604
0.14778452
-0.07550970
-0.18480888
0.06870714
0.03124042
-0.26317397
-0.19779490
0.13987848
0.08460423
0.09596478
-0.22708443
0.03638053
0.13349852
-0.20384088
-0.10298074
0.05599281
-0.10272605
-0.00013149
-0.25709850
-0.10864777
0.16616137
0.20236446
-0.02751070
-0.07796834
-0.10876570
0.14110963
-0.32558930
-0.03445477
0.10325204
-0.03532077
-0.11335699
-0.16961670
-0.20231859
-0.33350819
0.18014604
0.06815675
-0.28599513
-0.32923833
0.07498870
-0.05352696
0.02499635
-0.01522972
0.12128309
0.07814499
0.18483476
-0.11378849
0.17143363
-0.19789204
0.05411942
-0.10783124
0.08142228
-0.10975249
0.22382645
-0.07121532
0.12052432
-0.07078721
0.02762424
0.15099116
-0.07540528
0.13463198
0.02640293
-0.07874173
-0.07505116
-0.00068204
-0.08389765
-0.03858582
-0.00062279
-0.08596700
-0.06872954
0.08701557
-0.11176430
-0.11233698
-0.21847437
0.01951200
0.07577781
0.17337114
-0.14011537
0.00098631
0.10683048
0.03487919
-0.08857602
0.08354071
0.13248543
0.15096667
0.02735164
-0.05861825
-0.09715103
-0.05488985
-0.02110356
0.10357913
-0.07369266
-0.08277696
0.08291747
-0.01552621
-0.13368405
0.01659663
0.02455977
0.02107077
-0.11503370
-0.01240633
0.16295257
0.14810713
-0.14722264
0.09185137
-0.04493681
-0.16667429
-0.15246710
0.09846731
0.06892902
-0.13918015
0.09181899
-0.01720078
-0.25661251
-0.04800389
-0.21699992
-0.08147355
0.20980646
0.00726241
0.10862422
-0.23717687
0.09831215
0.16680102
-0.21724783
0.09349174
-0.21556677
0.02241225
0.04560718
-0.01393762
-0.26343104
-0.25859517
0.02802413
-0.08254403
-0.22100057
-0.21164252
0.09184665
-0.15194993
-0.17669858
-0.06063652
0.19578631
0.13939489
0.05572683
0.13541874
0.10654745
0.17893955
0.12237281
-0.11601567
-0.11187207
-0.00352116
-0.14275849
0.05699599
-0.12151171
-0.21949302
-0.06708447
-0.09710751
-0.03960713
-0.05356682
-0.03958167
0.02030144
0.12510580
-0.11034162
-0.18570305
-0.12685357
-0.02018705
0.12612674
-0.12956458
0.00053911
-0.08170652
-0.06771643
0.00598299
-0.08249500
0.03799188
-0.05905406
0.10405669
-0.00228810
0.01660689
0.13293219
-0.09446784
0.10542746
-0.02001576
-0.03654727
0.00283193
-0.14614180
-0.13428527
-0.12367688
-0.02278504
-0.11038565
-0.08452986
0.11688647
-0.10628457
-0.18954384
-0.10650076
0.15065175
0.09570357
0.17566562
0.05007513
0.07033958
0.03037157
0.09185006
-0.11468005
0.11333982
0.10208493
0.09573610
0.09254779
0.17480578
-0.05782545
-0.08269723
0.05229725
-0.02461784
-0.05905803
-0.12235345
-0.08058072
0.05801798
-0.08738511
0.06455113
0.03831417
-0.13955967
0.05785805
0.14582004
0.08334067
-0.02216898
-0.10893504
0.03427683
-0.00450065
0.01910621
0.02287202
0.14772741
-0.10280653
-0.09209803
0.00819282
0.12350670
0.25570098
0.11025365
-0.00624182
-0.14119285
-0.07302704
0.02971218
-0.13056952
-0.09387974
0.09599063
-0.07050930
-0.09250347
0.01998073
-0.07990262
-0.11580276
-0.10360724
-0.05276340
0.14955437
0.01598059
-0.16075732
-0.13145970
0.09394344
-0.00870736
0.11919889
-0.00937753
0.10480593
0.09529013
0.07679787
0.03511278
-0.10146452
-0.07346830
-0.07095428
-0.09252757
-0.00528661
-0.15709402
0.04939074
0.01211187
0.07376408
-0.11931738
0.02391338
0.05906269
-0.18287395
0.19834891
-0.11144445
0.13931462
0.14804913
0.07085426
-0.03395161
-0.16446941
-0.15581065
0.18936959
0.10565045
-0.00370357
0.15525115
-0.02600661
-0.14324427
-0.20359902
-0.01038938
-0.01317042
0.22959609
0.16422364
-0.26292437
-0.09712389
0.16020565
0.15020949
0.08942893
0.25628820
0.19349734
-0.08411405
-0.01370085
-0.01334370
0.07390603
-0.10559391
0.17264406
0.05824671
0.12634911
-0.00476657
0.13549997
0.13346808
0.03097316
-0.18911336
0.05367357
0.03213699
0.01779141
0.03582641
0.10482113
0.07766220
-0.04859006
0.01506444
0.01719509
0.17198651
0.05576437
0.08934092
-0.12823500
0.13683611
0.05427409
0.10352536
-0.14138277
0.10487772
-0.11448605
0.00930497
0.02853723
-0.09991902
0.11406881
-0.16633482
0.07391082
0.11291496
0.05338545
-0.10275439
0.11176795
0.00824661
0.01466276
0.15001844
-0.19795981
0.07089363
-0.03580873
-0.12042223
-0.14177148
-0.09590506
0.03139356
0.05956550
-0.06027065
-0.20490113
0.05558098
-0.10766292
0.12029875
-0.04257748
0.03602356
-0.30641615
-0.00475155
-0.00330153
0.02548750
-0.10996772
-0.13767301
-0.01521826
0.09034490
-0.10868296
0.02559906
0.16721262
0.03807961
0.02939256
0.11917311
0.05616786
0.09791088
0.07188257
-0.15700802
0.09115454
-0.03597979
0.03376182
-0.00745490
0.00466569
0.01539025
-0.03953431
-0.13615036
0.10032165
-0.04566220
-0.07539107
0.07751238
0.14939353
-0.00106315
0.06365382
0.08111925
0.05951570
-0.02012801
-0.20355336
-0.13373210
0.01361741
0.03483381
0.14259000
0.11776115
0.01186346
0.04611738
0.15036984
0.17221254
0.18530750
-0.17858845
0.01844484
-0.10236575
0.13859762
0.30158922
-0.10724967
0.24784759
0.11256171
-0.24075893
0.04189524
-0.21836250
-0.23658748
0.04749935
0.04277325
-0.24551050
0.06701627
0.27804551
0.02284010
-0.09802972
0.10971676
0.09031195
-0.09638492
-0.12785633
-0.04282254
0.04742937
0.00240076
-0.05089999
-0.10982656
0.03472346
0.02636163
0.12395599
-0.06341339
-0.03991176
-0.09793200
-0.15553756
0.01865541
0.04954478
-0.13295895
0.04317118
-0.18924469
-0.02863747
-0.13013464
0.05674772
0.12741862
0.08785710
0.07263469
-0.06379043
0.09214597
-0.03584419
-0.04563983
0.07850903
-0.01482513
-0.06272259
-0.10505080
0.05070622
-0.11744677
0.15532905
0.02263690
-0.00483370
0.20564559
0.01962530
0.07398397
0.01793350
-0.14821115
-0.12898749
-0.02666221
-0.15942238
0.16019948
-0.07845157
0.01708073
0.10168810
0.14057912
-0.01659219
0.03717843
-0.07212014
-0.07836155
0.15252069
0.24334610
-0.09760661
0.04992918
0.21382232
0.25355172
-0.26545525
0.27836072
0.13179760
-0.01218722
-0.05627706
0.09027282
-0.06288306
-0.18117240
-0.04502800
-0.09715124
-0.18104586
-0.18495642
-0.00882650
0.06326017
-0.01268771
0.15534522
-0.23167974
-0.02039694
0.10437273
-0.03691891
-0.16107415
0.12611683
-0.02592471
0.06281433
-0.11198457
-0.07367607
0.07892650
-0.20112419
0.01655478
0.02768362
-0.31818157
-0.17686158
-0.18187749
-0.12039100
-0.13583793
-0.05775328
-0.04394706
-0.19487405
0.04160852
0.07067884
-0.10951248
-0.03596932
-0.26734290
-0.04421422
-0.11202873
-0.15210074
0.10434438
0.22698602
-0.09160583
-0.08184488
-0.31768095
-0.21139409
-0.14861986
0.00813635
0.00432890
-0.15303533
0.09001888
0.02465015
0.02821408
0.09491637
0.01292149
-0.00795063
-0.04780529
0.15263724
0.14604083
-0.08287961
-0.04983587
0.03186275
0.13335422
0.01684361
0.14382011
0.17654246
-0.07656656
-0.18976574
-0.10260717
-0.12290911
-0.19209675
0.05816113
-0.03568418
-0.09875418
-0.00754129
-0.13770451
0.08876909
0.00978067
-0.15144934
-0.10100151
-0.03863084
-0.11333460
-0.09832377
-0.12283104
-0.09477025
0.04599917
0.04031776
-0.10809258
-0.12949397
-0.11399718
-0.02555259
-0.03904489
-0.10837843
0.06283272
0.19580388
0.08921163
-0.21416639
-0.07891922
0.15065287
-0.08883632
0.08397618
-0.03402786
0.14134388
0.10799094
0.07896948
0.05955521
-0.03931220
0.07214084
-0.05922380
-0.04166012
0.15528980
-0.08625524
0.17652303
0.00896333
0.02069042
-0.01530049
-0.03583994
-0.06202028
0.03169468
-0.04255091
0.00041237
0.12831090
-0.16079241
-0.19863726
0.00002127
0.15759835
0.09483798
0.03544525
-0.03381289
0.20999901
-0.03925218
0.04452591
-0.13469915
-0.09704509
-0.14290579
0.06483639
0.02996083
-0.09776115
0.04649663
0.03849726
-0.24840358
-0.02919091
-0.17945872
-0.09858321
-0.08465777
0.08857491
0.03545763
0.01985665
-0.03968675
0.00579239
-0.19159006
0.10151028
-0.07968203
-0.01122112
0.15475100
0.04609778
-0.11505441
-0.03551087
0.11941659
0.00703801
-0.00017586
-0.11653502
0.13719854
-0.02502268
-0.14445810
0.07353184
0.15587667
-0.18746270
0.02881111
-0.15830234
-0.05733077
0.05654100
0.05252259
0.07210933
-0.12463173
-0.03231603
0.07946240
0.04994062
0.05372281
-0.14758590
-0.17888170
-0.00667236
-0.10544885
0.10262951
0.15659654
0.19549356
-0.17252219
0.14087170
-0.14353481
-0.01471337
0.03753384
-0.08347163
0.06577222
0.15865411
0.07178476
-0.20223881
0.03222328
-0.18237361
0.04340038
0.06072716
0.13474332
0.06609938
0.00049003
0.14589171
0.15569042
0.01671135
0.00549416
-0.07112503
-0.06109769
-0.06461892
-0.13523988
0.00397266
-0.05627227
-0.09141550
-0.05874543
-0.12140801
-0.05116657
0.14556240
-0.09748736
-0.17360732
0.01688076
-0.04239717
0.09824467
-0.04741164
-0.06157232
0.13458014
-0.08499333
-0.10482023
-0.08242602
0.04055209
0.09984318
-0.02796372
0.08428097
0.01923028
-0.07478880
-0.03812050
-0.09025389
-0.01874799
0.02920060
-0.07458639
-0.02888452
0.05892372
-0.15153931
0.06048961
0.03293474
-0.13408643
-0.02687316
-0.02432564
0.08308338
-0.06203542
0.02301716
0.02002914
0.13694528
-0.08609984
-0.07831445
-0.07002988
-0.01576588
-0.12807342
-0.00499365
-0.08268918
0.10522372
-0.10288376
-0.15183310
-0.13163756
0.12989360
0.00818890
0.10776045
-0.01931849
0.11698898
-0.13360275
-0.10254163
0.18875547
-0.14179450
0.03449294
0.13972458
-0.07745519
0.04829030
-0.11370138
0.09345102
-0.16248581
-0.01185021
-0.08440629
-0.00312246
0.07915781
-0.03271805
-0.18780671
0.14123443
0.07237141
0.09118593
-0.21697994
0.07145947
-0.04134071
-0.10022843
0.16881673
0.04806527
0.08784322
-0.18677713
0.16765417
-0.17385726
0.01444490
0.01030107
-0.11765307
0.03040024
-0.05634075
0.06238242
0.07153289
-0.22186218
-0.00242629
0.16334353
-0.13902079
-0.07241306
-0.03809029
0.16583917
-0.01032710
-0.07624923
-0.14252615
0.01840890
0.08489413
-0.17550309
-0.06866631
-0.20721011
-0.16351233
-0.09206981
0.02155579
-0.05939960
-0.14312758
-0.13245903
-0.06616990
-0.13509066
0.04279042
0.11943744
-0.11548965
-0.12823468
-0.10102633
-0.00953605
0.14211588
-0.06903687
-0.04703280
0.01070727
0.02226149
-0.11338434
-0.13852835
0.02018501
-0.05351288
0.08213296
-0.14237390
0.10280520
-0.10975049
-0.12256654
0.00705136
0.06401175
-0.02223370
0.02455204
-0.09719207
-0.04355355
0.21542686
-0.00920787
0.05015821
0.14454354
-0.24815355
0.15439844
0.11833706
-0.14751287
-0.09754878
-0.37447909
-0.02812222
-0.08878111
-0.06802969
0.00298337
0.11096429
-0.09383361
0.04971867
-0.18795648
0.08467817
-0.02260199
-0.08329220
-0.04584441
0.19349557
-0.22755745
0.05880688
-0.13099743
-0.04201132
-0.18086721
0.05279619
-0.16138643
0.19539744
0.15380457
0.05906862
-0.10232039
-0.06986222
0.14587310
-0.01017375
-0.06806826
-0.02285250
-0.02760280
-0.14439650
0.04240762
0.03647287
-0.03612783
0.09446774
0.08513853
0.07574010
-0.11333972
0.12564817
-0.16553880
0.05910159
0.10633839
-0.14193709
0.01745967
0.10778132
-0.03057505
-0.15338317
0.06215565
0.14439839
0.04005723
0.01744067
0.11410348
-0.08949873
-0.12440915
-0.11755388
0.02725896
0.09959324
-0.06855321
0.07921172
0.00759863
0.08045635
-0.04364766
0.06246778
0.07254197
-0.01201526
-0.20415848
-0.05563719
0.07666829
0.17432655
-0.04099431
-0.14695324
-0.05854592
-0.25950718
0.07233150
0.09684439
-0.10965472
-0.29110223
-0.01877661
-0.15379633
0.09704079
0.13195707
-0.10241226
-0.23521645
0.09917813
0.09083904
-0.11856268
0.13838442
-0.04384291
-0.08343422
0.06909272
0.05597232
-0.20818335
0.01128401
-0.11265447
-0.01529752
0.07107882
0.12945893
0.10427338
-0.21267906
-0.17565508
0.11718809
0.09661984
0.05122639
-0.02381204
0.07657842
0.08963797
-0.06545578
-0.00487038
0.15721829
0.10065239
-0.06452595
0.09903464
0.00897313
0.01242711
-0.00090761
0.03460139
-0.00623650
-0.13787296
-0.09926845
-0.11196648
0.09665295
-0.03355757
0.12215417
-0.20813215
-0.10002577
-0.16350138
0.11355870
0.09287253
0.12962298
0.20769349
-0.11768245
-0.14037293
0.11911181
0.09320027
0.00533782
0.14417264
-0.09459020
-0.11092669
0.17088683
0.11191669
-0.02125491
-0.17928979
0.03748631
-0.13821445
0.01221851
0.07969239
-0.03274323
-0.18863428
-0.14012846
-0.05342146
0.00384206
-0.02699950
0.02479197
-0.03020158
-0.22015125
-0.12758762
0.19007760
-0.15240087
-0.24358889
-0.31279701
-0.10224782
-0.36569268
-0.14740872
0.01965833
-0.00344015
-0.05898327
-0.16327010
-0.19341683
0.06960415
-0.02219954
-0.05538246
-0.01425857
0.23020722
-0.23439199
0.04705155
-0.02188075
-0.15505528
-0.07142962
0.04719403
0.03927477
-0.12997136
0.16111870
-0.09518445
0.04268514
-0.05494988
-0.10637712
0.12581800
0.19839430
-0.04398987
0.06735873
0.17972463
0.16496785
0.14893532
0.21605429
0.09419278
-0.10504831
0.03214033
0.09556219
-0.01789762
0.19205239
0.08096087
-0.21380018
-0.10457356
-0.04904823
-0.03320534
0.09434635
-0.06072305
-0.06783240
0.12848581
0.01696905
-0.00236349
0.14760129
-0.08874486
0.02123305
0.09765410
0.17794998
-0.13612868
-0.00278299
-0.20879595
0.12345562
0.11476363
-0.01051708
-0.10875904
-0.19323620
0.16947183
-0.01558743
0.11230812
0.02595885
-0.18825573
0.00667054
0.10808627
0.03787519
0.12178764
0.03910181
-0.07897890
0.10150079
0.08731076
-0.06095274
-0.10238367
-0.00337098
-0.10571375
-0.01895200
0.15082516
0.12473500
-0.16332717
-0.04437407
-0.14473838
-0.03435216
-0.05251941
0.03554374
0.02163980
0.06877577
-0.03037412
0.11295436
-0.05638720
-0.10349984
0.04861658
-0.05556913
0.08648253
0.22400114
0.10654886
-0.01603911
0.07321021
0.08453135
0.16140908
-0.07262357
0.05661250
0.01996059
-0.02086826
-0.03243784
-0.16655557
0.17148618
-0.09135937
0.11505191
0.16142090
0.08151528
-0.00395199
0.27314031
0.06075528
-0.14486127
-0.08323988
0.11322808
-0.07921590
0.22955570
-0.12545589
0.22717282
-0.13414931
-0.18654144
0.15215053
0.06623147
0.19604507
-0.01863114
0.05026868
0.12248431
-0.08448364
0.07936835
-0.17644729
-0.12083146
-0.09402990
0.05234532
-0.20541833
0.03858843
0.08947527
0.03517469
-0.11928108
-0.09889080
-0.03579239
-0.07526787
-0.05192935
0.04207761
-0.11128517
-0.00553016
-0.12255308
-0.04358150
0.11589866
-0.15099071
-0.07220553
0.02234288
-0.01351473
-0.10721349
-0.16216764
-0.10016753
0.15877560
-0.10766448
-0.17006285
0.11713273
0.14825641
0.07953597
-0.07688430
0.01615163
-0.14061648
0.09810091
-0.08979965
0.08881257
-0.17304690
-0.02994004
0.15513492
0.04020249
-0.15029065
0.06113939
0.07435440
0.08390153
-0.08759405
-0.00492990
-0.11973739
0.08698616
-0.06755153
-0.10167819
0.05608535
0.13131344
-0.12915923
0.07019800
-0.21869235
-0.15362681
0.02997488
-0.03318980
0.12761225
-0.09092823
0.08559382
-0.04318913
0.05051582
-0.19259031
-0.13220477
0.12707254
-0.10306283
-0.08221555
-0.19845991
-0.18662713
0.06863390
0.12920253
-0.15840818
0.16062295
-0.12795690
0.09318464
-0.07491914
0.14655140
-0.13318309
0.05148645
-0.16176432
0.08861864
0.14525315
0.10672603
-0.05281340
0.13444373
-0.12772875
-0.09491160
-0.07791328
-0.02067805
0.03798882
-0.21580385
-0.04120411
0.08898704
0.01289636
-0.05922396
0.01100470
0.02659120
0.01973194
0.09446009
-0.12191694
-0.11473055
-0.13642135
0.07318471
0.10965287
-0.14737517
0.14200675
0.02157795
-0.06342851
0.02154619
-0.09327374
-0.13188659
0.14299801
0.15667954
0.05720796
0.15065798
-0.07336842
0.08897255
-0.09030314
-0.14595735
-0.07023650
0.10095377
-0.00634826
-0.03893698
-0.06823912
-0.12173188
0.02172869
-0.13859604
0.13442045
0.12818217
0.10062312
-0.21458209
0.09195822
-0.14451629
-0.02475407
0.06151417
0.12613294
-0.10386188
-0.02074576
-0.13987634
-0.11139140
-0.17864271
0.09352344
0.07026754
0.08503515
-0.22775765
-0.08870607
-0.06847811
-0.02587530
-0.06689701
-0.08979990
-0.00959739
-0.19327760
0.02102732
0.09882922
0.04356764
-0.15171584
-0.06365474
-0.06050733
0.24462566
0.08508684
-0.16031741
-0.09175137
0.02963097
-0.11521753
-0.18568829
0.07737976
-0.15001933
-0.22616176
-0.05145653
-0.03095693
0.06418532
-0.07797212
-0.10330474
0.08808684
-0.05830639
0.11589400
-0.01961157
-0.11978924
0.09749068
0.10003483
-0.12372909
-0.09944410
-0.07643174
-0.00673760
0.17179939
0.08630718
-0.06788240
0.11220396
0.15207252
0.10398857
-0.05251749
0.12453440
-0.01061517
-0.03458435
-0.00118040
-0.00981475
0.03587878
-0.09547628
0.15346389
-0.01828720
-0.03220414
-0.14398327
-0.09733816
0.03885183
-0.13097511
0.05078365
-0.00151851
0.15825212
0.13973962
-0.10879224
-0.12694870
0.02434236
0.26257616
0.07159201
0.08192934
-0.05564884
0.06234499
-0.08570332
0.05469111
0.09164935
-0.04797708
0.06807817
-0.09789330
-0.04881802
0.26312673
0.06701761
-0.01216591
0.10686287
0.19854191
-0.10113367
0.01688415
0.11497385
-0.12047366
0.05372993
0.07536830
-0.00074720
0.15279092
-0.05975315
-0.04078141
-0.04329295
0.02492028
0.07798703
0.02211966
0.11122572
0.08969599
0.02212713
-0.08038981
0.08752709
-0.02881781
0.03365879
0.11030016
-0.06519438
0.09051273
-0.09506537
0.15853752
-0.03814983
-0.06858774
0.02988675
0.05387503
-0.04312918
0.00092375
-0.12323949
-0.02124497
-0.02025391
-0.24115923
0.04140049
-0.13844526
-0.12611909
-0.17399569
-0.15866984
-0.15062690
-0.25781530
-0.12317380
0.20327984
-0.13918521
-0.29278493
-0.42850304
0.04210239
-0.35114717
-0.09388053
0.14925793
-0.01185801
-0.10420810
-0.24194784
-0.05898818
-0.09707107
0.33128077
0.17192769
-0.16348583
0.14641890
-0.06437922
-0.02158556
-0.08946562
-0.09648860
-0.10791993
-0.05316348
-0.08607886
-0.03771847
-0.17091173
-0.06437978
0.02586621
0.04949656
-0.10166405
-0.14875281
-0.17339495
-0.08171208
-0.15179732
-0.03375422
0.14422806
0.08234993
-0.07776363
-0.12499133
-0.03387687
0.15295488
0.04930639
0.09727336
-0.10605519
0.07009761
-0.02925900
0.03964639
0.11914471
-0.12833942
0.08520671
0.01477152
0.09593101
-0.08642570
-0.05820563
0.10818877
-0.07544687
0.05905762
-0.01846214
-0.01921341
0.07722346
-0.08891825
-0.13851082
0.09033825
-0.19086768
0.21359430
-0.05286105
-0.20277762
0.09367052
0.03202899
-0.00683062
-0.10703346
0.13408378
-0.04709953
0.04142459
0.04440977
-0.04271212
-0.14795376
0.05515465
-0.09874336
-0.05322821
-0.04727863
-0.08533366
-0.11134508
0.02323374
-0.10481435
0.02885670
-0.14354813
-0.11214918
-0.14886968
0.03877999
0.00508215
0.04566249
0.24461022
0.12249775
0.05856160
-0.01427710
0.00907595
0.02131801
0.17682064
-0.16129717
0.11313547
0.31508490
-0.15787281
-0.08033697
-0.05804545
-0.19287443
-0.25605565
0.21818461
0.05542390
-0.13893715
-0.01637505
0.22834526
0.22968470
-0.05685716
0.14921769
0.20844260
-0.00941271
0.03833443
-0.07985557
0.06813159
-0.03613020
-0.11831265
-0.15382668
0.09999491
0.05290167
-0.06912827
0.07837734
-0.13707492
0.00103850
-0.09838414
-0.11492610
0.07522179
-0.08209278
0.18336362
-0.12001143
-0.08100367
-0.01663836
-0.06550995
0.08102004
-0.00789462
-0.21341845
0.09915737
0.15164964
0.05958318
-0.05630869
0.00811706
0.04178026
-0.12279741
0.01523028
0.00364889
-0.01062592
0.10188258
0.17994240
-0.00999169
0.00535853
-0.07307246
0.03759588
-0.10492771
0.01978097
-0.08175216
-0.11774645
-0.08258340
0.02824589
0.11148135
0.13880967
0.00942237
0.18211536
0.11625361
0.03804880
-0.11386683
-0.04845734
-0.09779978
-0.10464802
-0.09302545
-0.04101158
-0.04654508
-0.06414089
0.08289726
-0.02599704
0.03074470
-0.02913656
0.21444981
0.03981962
-0.11574204
0.09099072
0.05875453
0.16382483
0.08096794
-0.12998581
0.11949067
-0.10990928
0.00078906
-0.01116712
-0.10277551
-0.00617758
0.03099509
-0.01244071
0.10858338
-0.11020089
0.08974835
-0.05436776
-0.05449462
0.08649882
-0.09160054
0.09804727
0.09170373
-0.00498774
0.13238977
-0.05216107
0.03850884
-0.09499981
0.15473416
0.07849513
-0.09058509
-0.04074546
-0.07700577
0.08279036
0.00692075
-0.11463922
-0.07409152
0.06443354
0.11482380
-0.10737614
-0.02147367
-0.11915972
0.19496486
0.03718269
0.09093362
-0.03117644
0.03730102
-0.09553955
-0.20769525
-0.07966276
0.07745785
0.05707866
-0.06895112
-0.25433043
0.04199785
0.01974871
-0.19117150
-0.07799330
-0.07783706
0.02373768
0.02804433
-0.12477305
0.16328228
0.19773267
0.09080298
0.07252111
0.17033555
0.05826543
0.07044635
0.00893691
-0.14903881
0.10419691
0.02754894
0.08976267
-0.11486992
-0.03065501
0.04783839
0.07998604
-0.05640382
0.01896760
0.06455267
-0.07476813
-0.15387687
0.03981914
-0.20284808
-0.03752220
0.09322947
0.10805111
-0.07407807
0.07097852
-0.11865557
-0.10570264
0.09908739
-0.09065184
0.07012885
-0.04638787
0.10518738
0.11333765
0.05610930
-0.14152966
-0.06990261
0.09147526
0.03705762
-0.15796721
0.18342015
-0.08404452
-0.12710372
-0.20834900
-0.10241851
-0.01445480
-0.10208045
-0.07768454
-0.04865016
-0.07380868
0.04036409
-0.15841995
0.05533177
0.21665551
-0.01690606
0.10120917
0.10927746
-0.00561105
-0.10151492
-0.01253147
0.00101622
-0.14792894
-0.13493434
0.05495645
-0.02580344
0.05967587
-0.06811363
-0.07881276
0.12179467
0.08710209
-0.11881972
0.01637808
-0.06223318
0.10358592
0.04645092
0.03117474
-0.06002067
0.02965795
0.04824169
-0.02268266
-0.13285133
-0.06803646
-0.18239661
-0.05148504
-0.12541419
-0.03099921
0.04862051
-0.06399232
0.01185144
-0.07456342
-0.08211526
0.07267836
-0.05000719
-0.11673776
0.01314895
0.10921832
-0.06034104
-0.14050329
0.10730321
0.05109995
-0.05341354
-0.14896551
0.11280870
-0.10935450
0.18046224
-0.01087704
-0.07060673
-0.07167594
0.09341633
-0.12603083
-0.00834745
-0.01686071
-0.00937522
-0.15140577
-0.07009595
0.07698319
-0.01759951
-0.09399035
-0.05055720
-0.04299806
0.00222803
0.10441287
-0.14193287
-0.11055530
-0.05230300
0.11684519
0.14165591
0.06014952
-0.01115698
-0.07359839
-0.12258422
0.08643748
0.03655165
-0.09277987
-0.09201172
-0.20870024
-0.22336365
-0.13047776
-0.18726340
-0.07186305
-0.18304020
-0.04951268
-0.00366304
-0.09083134
0.15365958
0.01082465
-0.05635360
-0.13955314
-0.12274028
0.17933944
-0.06344298
-0.02985715
0.10889348
0.16131136
-0.06734573
0.07926604
-0.06093356
-0.07425143
-0.27584866
-0.21543469
-0.14186360
-0.05917593
0.05870206
-0.07663551
0.09903862
0.02709442
-0.09676161
-0.06895804
0.13215584
-0.00936394
0.17727990
-0.10553597
0.03991555
-0.10440098
-0.01964986
0.15663227
0.17727637
0.03115511
-0.15327296
-0.07162674
-0.10233571
-0.07483660
0.16867219
-0.13133620
-0.07504085
0.09959857
-0.08508752
-0.02766898
-0.07255393
-0.00744725
0.12241010
0.12973136
0.04470245
0.03985316
-0.12947828
-0.04828000
0.01235396
-0.02331763
-0.01495556
0.01556776
-0.02071933
-0.06580995
-0.16875334
0.19508171
0.13533060
-0.12338572
0.10542111
0.02275486
-0.10438658
0.17456964
0.06783641
-0.14012112
0.05650542
-0.12190491
0.04886532
0.02391567
0.21001081
-0.28699169
0.01347430
-0.08811463
-0.02218871
0.06240033
-0.00316210
-0.09278788
-0.09537866
0.02763550
-0.06909269
-0.00364039
-0.13907535
0.07243686
0.00102629
0.01515403
0.02940777
0.14235577
-0.13402356
-0.01855414
0.01171929
0.00083034
-0.09344590
-0.09639491
0.03814516
0.09182854
0.07046153
0.05609739
0.07755250
0.04011106
0.09372891
-0.09312296
0.05888342
0.02975725
-0.19965526
-0.10152802
-0.06816459
-0.05210416
0.05992610
-0.03271366
-0.00142711
-0.26109630
-0.02106813
0.07080036
-0.20177664
0.02047988
0.08055017
-0.11708679
0.08529689
-0.23474890
-0.00486816
0.17494231
-0.19434951
-0.08297584
0.13799366
0.11180065
-0.10908924
-0.22414304
-0.02591071
-0.16487017
-0.00159185
0.37849987
-0.25948399
0.09107926
0.17860299
0.19380459
-0.07095595
0.12070884
0.10528941
-0.00169164
0.03248526
-0.11075487
-0.04653249
-0.09414489
-0.15037879
-0.02355511
-0.21351783
-0.06995425
0.00855917
0.02074038
-0.20047066
0.04761967
-0.09580106
-0.04807569
-0.15752150
0.11980661
-0.08117999
-0.20255463
0.13241398
-0.15023641
-0.06529751
0.09118184
-0.06923746
-0.11061154
-0.09509856
-0.14475116
0.01832330
0.00370388
-0.05025920
-0.02617377
-0.14154118
-0.06797055
0.01352250
0.14772484
0.11981127
0.08354759
0.03691978
0.22061485
-0.07507292
0.05267502
0.13914673
-0.22447230
-0.16815510
-0.10599281
-0.14959824
-0.21091497
-0.29968700
0.14523864
-0.25271261
0.02980412
0.03244746
-0.01668066
-0.02582722
-0.10200638
-0.13638204
0.37203854
0.17911614
-0.14278439
-0.15035366
0.20022888
-0.23369767
0.22079392
0.00137071
-0.04198113
-0.05538267
-0.02472343
-0.18430801
0.04456437
-0.01402755
-0.15039521
-0.21570763
0.03016413
0.10455820
0.26891905
-0.11894179
-0.17381628
-0.03432436
0.07663768
0.47113857
-0.15837124
0.18992202
-0.17587671
-0.34792936
0.20950644
-0.09801126
-0.12449544
0.22219931
-0.27122882
-0.09578317
-0.11806855
0.01924643
-0.43802926
0.06897419
-0.19090720
0.10722570
-0.07185960
0.01564500
-0.06119156
-0.01097714
0.15575683
0.01400905
-0.05813871
-0.11530982
0.08045315
0.03418819
-0.03451712
-0.03987972
0.08554792
-0.06383844
-0.08794723
-0.08714254
-0.07017542
-0.16986859
0.16661707
0.15927128
0.02514118
-0.10894249
0.11370739
-0.32579026
-0.23245811
0.26546013
-0.04743608
-0.27331260
-0.26861486
-0.07872906
-0.19737814
-0.07247218
0.01434019
-0.02436650
0.07391952
0.21192952
0.06053915
0.17930336
-0.04495848
0.14083397
-0.17891218
-0.17110722
0.06760273
0.07282427
-0.11343727
-0.14987454
-0.06085163
-0.05353540
-0.01009465
0.08623765
-0.02040100
0.01751779
0.04805885
0.12212593
-0.02682858
-0.05417573
-0.13256995
-0.00937835
-0.04043650
-0.08957729
-0.03126126
-0.03895188
-0.10093280
-0.04672731
-0.13838649
0.11796787
0.18564314
0.01481879
0.00808764
-0.02340165
-0.12633513
0.06301344
-0.01974723
-0.07065138
0.12558576
0.08566991
-0.04812997
-0.09172207
0.01117099
-0.13812308
0.05142377
0.09273719
0.01572607
0.17616278
-0.12122214
0.16737896
-0.06405365
0.01520477
0.01891425
0.14187390
0.07531141
0.06204370
0.18773809
-0.08291274
0.02167678
0.13221079
0.16111387
-0.14961936
-0.01191529
-0.01836480
-0.03548264
0.28587434
0.01108624
0.05919148
-0.19632941
0.00445899
-0.14910604
0.25013080
0.08610582
0.20673884
-0.03426453
-0.16305886
0.15762065
-0.15589461
0.07314696
-0.05907056
-0.06052747
0.03333529
-0.08794411
-0.06901380
-0.05270504
0.18258516
-0.07393681
-0.28447729
-0.15649739
-0.07582851
-0.25444928
-0.12778844
0.09911300
-0.07618941
0.19015126
-0.07847307
-0.18774585
-0.07899093
-0.06890512
0.00499533
-0.08499459
-0.05477959
0.02901910
0.00859895
-0.16383429
-0.07535587
-0.12810326
-0.09890889
0.04039397
0.09530531
0.06346224
0.06842036
0.03004875
0.05745470
-0.07547687
-0.02790767
0.04301139
-0.08455669
0.07477053
0.10958700
0.00193434
0.07159433
0.08964412
-0.08214784
-0.01919676
0.00809610
0.04729493
-0.03128060
-0.01238900
-0.08265213
-0.12734134
-0.13717572
0.06090338
0.13082659
-0.00570773
-0.06693055
-0.22834733
0.05808578
0.24604088
0.14638893
-0.05922567
0.15347530
-0.09122065
-0.26235494
-0.14491531
0.04990153
-0.05463913
0.01214919
-0.00639662
0.08947396
0.00793509
-0.08176066
-0.16294968
-0.19968536
-0.11184266
0.16354202
0.01185337
0.14543171
-0.07947721
0.10833877
0.00671409
0.16592187
0.09497211
0.11008582
-0.04246946
0.03844633
-0.09154256
-0.15742540
-0.00083739
-0.05091213
-0.03685255
-0.09523349
-0.03040996
-0.04835202
0.17958567
-0.10365973
0.03662259
0.02135456
0.13300273
-0.01774457
0.07113449
-0.03361384
-0.07639232
0.11965299
-0.02416122
-0.07300168
0.10875659
0.15086776
-0.04370542
0.01116508
-0.04131243
-0.23107643
-0.06308096
0.18233015
-0.01664107
-0.11150799
0.11707561
-0.06881808
-0.07364177
-0.04641483
0.05150927
0.06707406
0.05626055
-0.11025916
0.11028624
0.16899109
0.15954907
-0.13018256
-0.07449465
-0.03706776
0.11098687
0.00380273
0.00943013
-0.08693124
-0.09565929
-0.11503719
-0.16286956
-0.16671929
0.02499733
0.12182480
0.04376769
0.01095317
0.04919802
-0.09760673
-0.16837776
-0.23387115
0.00527054
-0.14977975
-0.03404742
0.09061464
0.08014835
0.07971061
-0.09811997
-0.12736057
0.12838739
0.32972813
-0.10624981
0.33224988
0.02211104
-0.11139262
-0.21030875
-0.03151182
-0.14655899
0.32746130
0.11369650
-0.15023214
-0.16026084
0.24313107
-0.03046390
-0.02983483
0.10056143
0.02401675
0.14074680
-0.14547722
-0.01584010
0.00952139
-0.15339272
0.06421165
-0.00358453
-0.05859371
-0.00148598
0.01976267
0.14524437
-0.10767852
-0.12180344
0.10852017
-0.03267119
0.04679635
0.08145567
-0.12192144
0.18817273
-0.01546856
-0.14456931
-0.12196007
-0.06023651
-0.15122487
0.09533483
0.00218966
0.12723330
0.05303127
-0.02900528
-0.03397356
-0.07788016
-0.15237732
-0.10756491
-0.11838271
-0.10419184
