0.08281858
-0.02538252
0.10296366
-0.02589209
0.11647799
0.08642176
-0.02179994
0.04879936
0.10087921
0.01438938
0.12689319
0.08655399
-0.00018028
0.10799343
0.10862532
0.09424768
-0.00202448
0.09529427
0.09592995
-0.01905964
-0.01902889
0.08548480
0.09795411
-0.01938987
-0.00214627
-0.01595832
-0.03166926
0.01447608
-0.05685666
-0.00550659
-0.01992459
0.12857325
-0.02044633
-0.03304733
-0.03255064
-0.00085686
0.00843718
0.11428898
-0.03788645
-0.02130364
-0.00008156
0.09112118
0.03429765
-0.02307335
0.08546495
0.00612229
0.00308120
0.00058433
0.10103805
-0.04641903
0.01312671
0.13139510
0.12900059
-0.01797800
0.13271017
0.07500774
0.11123879
0.10532308
0.12726745
-0.01898422
-0.01748326
0.11330669
0.08806100
-0.03110109
