0.21659732
-0.06838834
0.03661270
0.03698098
0.06252546
0.23069726
-0.00010185
0.01743998
0.29814187
0.18200749
0.20569542
-0.25693640
0.16208184
-0.05111606
0.12963392
0.04948378
0.15890276
-0.13191478
0.01770039
0.05695217
0.29421195
-0.19655633
-0.04105531
0.21235307
-0.08079477
-0.30083451
-0.19874603
0.05259321
0.18002230
-0.06206019
-0.13606015
0.08938393
0.16936621
0.04437982
0.12257309
-0.26049942
0.09005319
-0.13466077
-0.16000189
0.15634707
-0.28175968
-0.10195525
-0.10434692
-0.07662865
0.21539076
0.08395278
0.20508687
0.07468227
0.08262700
-0.25411117
0.02781486
0.22248012
0.04923829
-0.08035340
0.06485639
-0.27492231
0.04513964
0.09790514
0.22461487
0.11574646
0.02724767
0.18825677
-0.13563704
0.01649966
0.17252663
0.24224849
-0.07812992
-0.13321927
0.23503533
-0.18417004
0.19763951
-0.08808338
0.10959759
0.30000743
-0.05644506
0.16606483
0.12982380
0.06232389
-0.03970530
0.09469604
0.04547191
-0.12328603
0.06310324
0.04061271
-0.03614498
0.16471884
0.30631256
0.22944315
-0.05982213
-0.12001730
-0.20975526
0.20327882
-0.16406542
-0.11459391
-0.03305899
-0.23092979
-0.18254523
-0.38241982
-0.23133875
-0.17142019
-0.22477765
0.02575220
0.08029155
0.14624393
0.06050126
-0.39600921
0.15572990
-0.00444038
0.11525726
-0.21537860
0.00766409
-0.36842448
-0.17598867
0.03943141
0.01025592
0.01672305
-0.13813043
-0.06102196
0.02359423
-0.12373044
0.02535767
0.03563553
0.10314234
0.11195165
0.14889547
-0.07932157
0.08107796
-0.06179783
-0.27802709
0.18617682
0.13907203
-0.12056397
-0.24225707
-0.20966662
-0.07147127
-0.19465205
0.21359663
0.31634480
-0.21668160
0.07842369
-0.01278282
0.31869194
0.17372108
0.08746534
-0.08461934
-0.07259441
-0.21918586
-0.11823169
0.33924124
-0.02185116
0.05668730
0.08254692
0.29529315
0.09264471
-0.16809021
-0.03703231
-0.04422060
0.23932275
-0.19129267
-0.25478992
0.01230479
-0.01892752
-0.07515885
-0.24681014
0.05855057
0.00017312
0.17444319
0.12021209
0.22034588
0.12868018
0.11602657
0.13912801
-0.14636268
0.27554065
0.17823231
0.20197046
-0.23700619
0.04851284
-0.25593480
-0.04130460
0.19763234
-0.23769216
0.05074092
0.06202753
0.00832499
-0.20784338
-0.17044289
-0.09292497
-0.21368538
-0.07253940
0.18757461
-0.23758057
0.02479305
0.07233299
-0.21349964
0.12545082
0.00104978
0.07875743
0.15281916
0.00245549
-0.23614572
-0.29058346
0.14183539
-0.03273834
-0.01680428
-0.14302787
0.20722169
-0.12996562
0.23376042
0.08308487
-0.11728082
0.18865490
-0.31803632
-0.24334812
-0.20723806
-0.27641845
-0.10957255
0.18739912
0.02263215
-0.10130142
-0.15132686
0.03578557
-0.06621441
-0.18011722
-0.22825849
-0.15881714
0.09178812
-0.15469557
0.12858619
-0.08539639
0.10571752
-0.21736114
0.27744827
0.29765394
0.17663568
0.16745768
-0.21553227
-0.15489522
-0.04411795
0.10445310
-0.17030108
0.16716352
-0.22906829
0.06268004
-0.10637498
-0.11514699
0.21610235
0.27718565
0.18309386
-0.24214154
-0.26112866
0.11402719
-0.06083760
-0.17962237
-0.05174978
-0.12791266
0.08442716
0.01136834
-0.20780326
0.00827160
-0.08565909
-0.11863485
0.02646785
0.04335657
-0.05712432
0.14429811
-0.23622961
0.00783571
-0.21726991
0.24854590
-0.20739573
-0.06643173
-0.16722262
-0.21926111
0.13565744
-0.25053540
0.35574365
-0.06137829
-0.25083798
0.24750291
0.01422027
0.09386355
-0.20199834
-0.07876625
0.15011615
-0.33673346
0.10159584
-0.01353838
-0.07027069
-0.31986970
-0.08384580
0.14419241
0.19145611
0.03113436
-0.03458335
-0.26020414
-0.15630686
-0.29045293
0.24408801
0.12726296
0.10918041
-0.24788772
-0.03520461
-0.03649400
-0.12098610
-0.23853725
-0.24375552
-0.23739681
0.06091656
0.05460958
0.18199590
-0.28708106
-0.17000155
0.18637739
-0.13611057
0.00203341
-0.16433612
0.21896821
0.11596201
0.09648820
-0.26176471
-0.01496874
0.09436914
0.20268947
-0.11305878
-0.13489093
-0.00809670
-0.21656777
0.24762361
0.13126473
-0.11208914
-0.09646806
0.09778495
0.34156808
-0.26139528
0.29562226
0.11016399
0.04344984
0.01820896
0.08500591
0.21209194
-0.10597163
-0.18582056
0.11252833
0.12246566
0.08304417
-0.34138760
-0.32417372
0.15064791
-0.25705284
-0.21908775
0.21629408
-0.03426505
-0.03640534
0.09805980
-0.22545791
-0.01022249
0.10022230
0.18495983
-0.05966407
0.20803320
0.04334674
-0.18976681
-0.04716265
-0.01047499
0.34457430
-0.07625107
0.29255638
0.01567477
0.10300313
0.18362902
0.23819558
0.01425785
-0.06175734
0.14158009
0.00713905
0.17267559
0.10121895
-0.38538790
-0.19045556
-0.16062832
0.24790642
0.22626635
-0.05300328
-0.03541923
-0.04574028
-0.08051036
-0.22380683
0.16903912
0.15713418
-0.20391229
0.14149919
-0.01495222
-0.40407395
0.13367085
0.01749360
-0.22813088
0.06272612
-0.18867405
-0.39532131
0.00703681
0.10241360
-0.26883432
-0.18189673
-0.31674442
0.12792981
0.08166352
-0.34026858
-0.22793944
0.17276312
0.19401374
0.11523703
0.09674273
0.07734269
-0.06497023
-0.16204298
-0.25577042
0.24472827
0.09587707
0.18399554
0.03131609
-0.14719054
0.14778897
-0.17135455
-0.02800074
-0.04404186
0.23140597
-0.01121850
-0.07350577
0.20745099
0.23077953
0.26467592
-0.19619906
-0.07155962
0.02762152
0.16021524
0.10842633
0.18771651
-0.16304189
0.10176473
0.31112906
0.00942369
-0.18466282
-0.24496233
0.11194874
-0.04582562
-0.05524893
0.20817913
-0.13482088
0.27732912
0.13639291
0.16589499
-0.14135520
-0.17212358
-0.01131103
0.12601045
0.39600015
0.15664354
-0.24258451
-0.21486710
0.09349624
0.31029707
0.22910450
0.10361281
0.22082943
0.14418612
0.19862951
-0.17508742
0.25012085
-0.16326298
-0.23317976
0.00345263
-0.06893498
0.06232738
0.01044508
-0.21296273
0.16310345
-0.19026528
0.05379929
-0.19521865
-0.03684280
0.27952960
0.22198635
0.12850128
-0.09992420
-0.21477494
0.07206465
0.20569426
-0.00751903
0.05436859
0.15674837
0.18021034
-0.21329562
0.22860709
0.18796515
0.25386080
-0.17121708
-0.24166663
0.01156715
-0.19249068
0.04243067
-0.12468325
-0.15067115
0.26631185
0.14803368
-0.16956292
0.00950702
-0.13507542
-0.14738417
0.20054750
0.17210136
0.02564093
-0.13752840
-0.01944165
0.05090466
-0.25798431
-0.01276993
-0.02521913
-0.20310499
0.03503053
0.04691951
-0.03053022
-0.00542466
-0.19568205
-0.05547943
-0.00101717
0.15171179
0.11571113
0.17646092
-0.02053543
-0.09997500
0.07076360
0.25896776
0.21227328
0.03850145
-0.03953854
-0.10835984
0.09358761
-0.10733392
-0.14128363
-0.25703469
0.06556585
0.15204325
0.05913155
0.16343375
0.32408684
-0.16340216
-0.22127141
-0.00489036
0.01596222
-0.22206096
0.01524555
0.07876521
0.22891438
0.15007146
-0.17929046
-0.13198809
0.08324922
-0.05545354
0.18772185
0.23606479
-0.14477076
0.06077870
0.11187719
0.24890135
-0.12282768
0.15091959
0.18460642
0.15215597
0.01740955
-0.00694004
0.00124917
-0.09700286
-0.12212451
-0.09642193
0.14773220
0.13427040
0.16220646
0.03240642
-0.01745347
-0.15587023
-0.16290256
-0.16401978
-0.24133597
0.24107535
0.07426383
-0.24984109
-0.03986332
-0.22476225
0.18265903
-0.08551922
-0.10091985
0.08435398
-0.04600162
0.01098658
-0.05183210
0.33916914
-0.10032564
-0.15725684
0.15360154
0.05335576
0.07621866
0.04919671
-0.28308132
-0.00695990
0.06909470
-0.07808441
0.04842788
0.06826217
0.01939723
0.09321041
0.13793680
0.20481431
0.20881183
0.21222065
0.16929136
-0.09350596
-0.16918834
0.03333472
0.24710907
0.15296553
-0.24062346
-0.12464924
-0.18427521
-0.06119829
-0.13919494
0.19940208
0.04510904
-0.39584097
-0.17746675
-0.19906375
-0.35271215
-0.22941273
0.03252182
0.14368103
0.11205415
-0.10821135
-0.09626711
-0.14780872
-0.12083827
0.11702500
-0.04550534
0.15166809
-0.12658191
0.04286332
0.15649816
0.21910131
0.11965939
-0.24802807
0.04802911
0.06375841
-0.00103736
0.16593280
-0.18305925
0.02577748
0.11619522
-0.19359505
-0.21368562
-0.05157610
-0.11281214
-0.09474560
-0.04743260
-0.09322925
-0.19870389
-0.21434681
-0.14522909
0.14174758
0.14287661
0.14346862
-0.13644199
-0.14394467
0.02394816
-0.09872972
0.29295966
0.01945311
0.05692676
-0.16798803
-0.01683713
-0.12003579
0.08344852
0.25157052
0.15611218
0.09512497
-0.19341962
0.22694886
0.17084776
0.03206284
0.06893405
-0.17005086
0.14546913
-0.19097874
0.14328811
0.03264391
-0.02056943
-0.18495725
0.29664111
-0.14669269
-0.20158035
-0.05360778
0.10465897
0.19095534
-0.17130224
-0.24022402
0.02263924
-0.07200202
0.27963063
0.03664710
-0.04534538
-0.21895260
0.11041984
-0.01817014
0.14757401
0.17785531
0.17966893
-0.23198123
-0.10744523
-0.25362200
0.03879615
0.07892100
0.18896757
-0.19858652
-0.01205318
-0.10144823
0.17491311
0.08574720
-0.24985580
0.22476409
0.29004750
0.33244088
-0.11886914
-0.27701721
-0.20731558
-0.15216571
0.16010089
-0.25203973
0.22909357
-0.25400034
-0.25710377
-0.15239356
-0.03311804
0.02431446
-0.04196104
0.02022053
-0.19830990
-0.23197685
-0.05027875
-0.08299323
0.10535946
-0.24892126
-0.31110781
0.01872822
-0.02502429
-0.21890581
0.11906253
0.15167326
0.00135769
-0.41864231
0.01775852
-0.10566640
-0.34596032
-0.05094865
-0.17904446
0.19881526
0.20383857
0.04605519
-0.18919371
-0.04962276
0.01460055
-0.02903775
-0.37546095
-0.20238683
0.14727670
0.07594283
-0.23177946
0.09595393
0.01902514
-0.03391483
-0.14993982
-0.23670909
-0.03139963
-0.17859708
0.07372337
0.13794300
-0.12699310
-0.22664225
-0.09279845
0.12800898
0.12509988
-0.04175629
0.15450196
-0.13208005
-0.36376715
-0.13067749
0.16147293
0.15850481
0.18083689
-0.03425280
0.18340416
-0.06767899
0.00052955
-0.17687973
-0.37464538
-0.17805199
-0.10518304
-0.23712701
-0.03808036
-0.18431643
-0.03952510
0.03864906
-0.14491379
0.13190721
-0.22795406
-0.22142890
-0.40004709
0.09831437
-0.35580844
-0.24911976
0.18336172
0.05981750
0.04063302
-0.34838024
-0.01039401
-0.02012891
-0.19266695
-0.34444702
-0.23307994
-0.21350811
0.13618268
-0.22553180
-0.05391373
-0.11826403
-0.07332559
-0.02815331
-0.27974790
0.04992314
-0.04456063
-0.28540868
0.10094435
0.12325530
-0.05623008
0.03443534
0.00890234
-0.23568140
0.03783957
-0.19667068
-0.22921295
0.21987724
-0.12267694
0.11422414
-0.07184060
0.14302301
0.06550492
-0.27433205
-0.20653635
-0.06853742
-0.24614558
-0.21646978
-0.25388578
-0.16706239
-0.24491520
0.08804118
-0.03352307
0.02243360
0.18708265
0.22836842
-0.35971096
0.02998223
0.16458140
-0.06230377
-0.27331740
0.18571989
0.17954727
-0.06727188
-0.37741902
-0.13390452
0.03284626
-0.08053727
-0.05840262
-0.03117442
-0.16868109
-0.20593572
-0.06928957
-0.05309523
0.19507711
-0.06568163
0.17031485
0.11668220
-0.19655402
-0.01857764
-0.02667258
0.10114305
-0.00216560
0.02569744
0.10114520
0.19909419
-0.24188142
0.10971051
0.21331848
0.04853607
0.17707799
-0.15227707
-0.19471498
0.16158821
-0.26711535
-0.06075386
-0.14848039
-0.03054901
0.19636209
0.01454720
-0.07881014
0.09794020
-0.01864467
-0.01605308
0.08121446
-0.01115761
0.18555580
-0.16331008
-0.15423399
-0.18777907
-0.05525903
-0.21740007
-0.16493131
-0.10068772
0.06326105
-0.15472507
0.25875366
0.21496424
0.15546496
-0.05526097
-0.20389274
-0.24144861
-0.10857102
0.01981075
-0.01369706
-0.11815865
0.11743525
-0.22215454
0.06722879
0.00622536
0.19817668
-0.02493057
0.06453156
0.21980755
0.10598927
0.10190165
0.16296075
0.11518022
0.09887213
0.14978047
-0.19187833
-0.12162714
-0.26485622
0.07032274
0.00909681
-0.22466682
-0.00663394
0.00174118
-0.10758122
0.19620351
-0.04398470
-0.24836797
-0.41532984
-0.18611313
-0.05433342
0.01561327
0.15583536
-0.24584910
0.03314838
-0.21222682
-0.31174549
-0.13413683
-0.07138749
0.15821993
-0.36151358
-0.06002719
-0.21241476
-0.01367688
-0.21430959
-0.14138122
-0.22787152
-0.15861648
0.14025228
0.15901691
-0.27455968
-0.38567719
0.12096921
-0.19519328
0.05868368
0.20521662
0.22326043
-0.24873021
0.17045060
0.11609814
0.04830762
-0.13103601
-0.16799745
-0.12919430
-0.16176404
-0.09357168
-0.00792645
0.18182048
0.00932740
-0.06061987
-0.05789518
0.13533363
0.04878777
0.24129647
0.20655209
0.01987278
-0.22800802
0.16780512
0.18087041
0.17442203
-0.28654242
-0.05792540
0.21651955
0.23576748
-0.05989410
-0.22406048
0.15531611
-0.30096829
0.19933911
0.18958738
0.08903222
0.09129498
-0.39379221
-0.06008688
-0.21370701
0.07527004
0.03082439
-0.03090342
-0.19344062
-0.33582428
-0.40005535
-0.02321498
0.22561997
-0.07727816
-0.01641275
0.03680931
-0.23516719
-0.21128744
0.14089467
0.03155110
-0.11755539
0.07013898
-0.25462085
-0.17975692
0.02394313
-0.31267413
-0.14347187
0.12622134
-0.09454370
-0.13539994
-0.01404082
0.11888616
0.17871386
0.09051137
-0.21113551
0.03890736
0.15284210
0.13950630
0.10798770
-0.01804195
-0.22795159
-0.21923782
0.17104773
-0.00731493
0.11696804
-0.21773894
0.16233468
-0.25430229
-0.02786315
-0.13566512
-0.16482106
-0.19772792
-0.10076099
0.01549666
-0.16968551
0.23705126
0.01297432
0.11775286
0.08136977
0.11582997
-0.09682317
-0.20590815
-0.00835824
-0.18543564
0.12156829
-0.20726429
-0.08261880
0.11858690
0.05743334
0.21452311
-0.18815401
-0.08027362
-0.24747540
0.11310355
0.11557443
0.13349290
-0.22276337
-0.13139391
-0.05053715
-0.08522860
0.03242213
-0.02069497
0.21454932
0.09934770
-0.18220301
-0.28375503
0.03469447
-0.14239852
-0.20516159
-0.07604319
-0.21284918
-0.22317939
0.11594552
-0.01798045
0.23926421
-0.21285124
-0.23446454
0.23970172
-0.42620638
0.11792797
0.17506699
0.13345200
-0.09073304
0.08043583
0.07864852
-0.22063470
-0.38389301
-0.27556628
-0.21060130
0.16077587
0.00718426
-0.14094056
-0.24905683
0.02884907
0.16698663
-0.18498205
0.25762260
-0.22725564
0.01681659
-0.04674508
-0.13690345
-0.18564725
-0.12318081
-0.24443768
-0.16421419
0.12537794
-0.22204620
0.21134987
0.17163028
0.04912968
0.07072523
0.21064050
0.11731555
0.09082721
-0.27575046
-0.25631750
0.16324799
-0.29516232
-0.03999691
0.12884600
-0.04033561
-0.07196325
0.14602365
0.24656144
-0.10058939
-0.06053627
-0.26950917
-0.04101072
-0.23947881
-0.32532632
-0.20089644
0.10447348
-0.10386161
-0.18151243
-0.05986917
-0.11811557
-0.18078695
-0.03397944
0.12484212
0.05900665
-0.00809373
0.18846828
0.33034641
-0.10501914
0.05491585
-0.00027363
0.06193158
0.13934958
-0.03655083
0.25652596
0.33908427
-0.14777531
0.08748006
0.09888221
-0.02799520
-0.20676601
0.22426328
0.06913668
-0.12220366
0.10290265
-0.13012095
0.32171121
-0.09252264
0.00519353
-0.07798482
0.19976901
-0.06322667
0.12860131
-0.10363195
-0.09392969
-0.11415952
-0.20234443
-0.08670115
-0.23832904
0.05500754
0.02455547
0.17660776
-0.21186745
0.19686903
-0.19624750
0.02081139
-0.14968206
0.23368494
0.01937643
-0.01644160
0.12532324
0.11992316
0.23098586
-0.08486366
0.18987697
0.16122884
-0.06342086
-0.24310224
-0.12746799
-0.13033849
-0.10403816
0.08357076
-0.12306669
-0.27192128
-0.25633538
-0.19656967
0.05789623
-0.02020991
0.01672652
-0.09293929
-0.13003874
0.09550020
0.21090594
-0.10769647
0.06547317
0.16476806
-0.17491916
0.04497832
-0.27695835
-0.36932975
0.15053499
0.10005070
-0.15366989
-0.06340891
-0.21512814
-0.39007485
0.16631591
0.01715427
-0.20882808
0.05652350
-0.05265162
0.19314706
0.16378525
-0.21831194
-0.17394297
-0.06578372
-0.02909617
0.01145319
0.10656460
-0.18578343
-0.12794770
-0.02296374
0.05431670
0.18360838
0.17768511
-0.22323866
-0.23836409
-0.20045111
-0.18694997
0.10776971
0.00376065
-0.10620522
0.18971477
0.00169405
-0.10619222
-0.20959660
0.06997076
0.08344539
0.12656784
-0.02304218
0.08792046
-0.22952957
0.11324761
0.02533276
0.26735282
-0.04865006
0.17121686
0.16338716
0.07984061
0.06357940
-0.20408031
0.16261454
-0.02726077
0.05119827
0.07698853
0.14856799
0.12752499
-0.10409547
0.16973202
-0.05230544
-0.09075586
-0.07146133
0.11679190
-0.06477726
-0.12199236
-0.13890366
-0.05040301
0.20840149
-0.08316059
-0.09517362
-0.16217571
-0.16251540
-0.19655274
-0.03603748
0.18417463
-0.10199521
0.16529670
0.25539961
0.14183195
-0.09619633
0.16961144
0.02453653
-0.24040779
0.06674781
0.14593744
0.07501005
-0.06147348
0.06919809
-0.05540812
0.05778420
-0.06520666
-0.11769613
0.13148752
-0.19364890
-0.30246985
0.00476325
0.23050998
0.01509829
0.12764084
-0.22080898
-0.26381457
-0.02199746
0.11040562
-0.17871577
0.00330364
-0.09013012
-0.06203082
-0.07523581
0.23123010
-0.17844412
-0.30662349
0.12086535
-0.09732741
-0.04902195
-0.00502338
0.13705479
0.13311124
-0.23584856
-0.10472184
-0.14280187
-0.19732299
0.02902137
0.03707474
-0.24820761
0.04581699
0.07827370
0.02491030
-0.14480461
0.05066155
0.16507803
-0.24165903
0.23025802
0.16168065
-0.17509356
-0.10967505
0.10816590
0.07780718
0.01372409
0.19986141
-0.25103378
-0.04408854
0.01038998
0.15545374
0.20103481
-0.08648363
0.03302775
0.20785612
-0.02274351
-0.14822888
-0.16967353
0.17903735
0.26407355
-0.25109440
-0.16274090
-0.05559435
0.06457658
0.03888682
0.00603640
-0.09277409
0.21638419
-0.14445399
-0.07123657
0.08545162
0.33792880
0.05840670
-0.01662376
-0.14158773
-0.03144702
-0.17868757
0.19899891
0.29271469
-0.09497837
0.03408667
-0.08644315
-0.02382234
-0.16848978
0.09354264
0.21300450
0.21196184
0.13160761
-0.13159886
0.06247110
-0.12345113
-0.22369091
-0.27063286
-0.14709161
0.13920121
0.03473429
0.04556013
-0.18700188
-0.41729230
-0.45005316
-0.14741513
-0.04349687
0.18920133
-0.38057110
0.16732657
-0.23373680
-0.04837596
0.16160327
0.17661718
-0.12912445
-0.35364372
0.09712809
0.22554827
-0.24038109
-0.23867379
0.11030615
0.12744875
-0.04950834
-0.10397686
0.01785983
-0.03497757
0.00013034
-0.14171469
-0.19484358
0.09164713
-0.21324596
0.07173737
0.01694650
-0.08490167
-0.11214109
-0.09493388
-0.00881905
-0.16580452
0.15201116
0.09108130
0.07812323
-0.06764939
0.01060440
-0.11653292
-0.24158111
-0.24036735
0.06385621
-0.34068364
0.09767896
-0.17159043
-0.26757160
-0.04061650
-0.09023829
0.12989090
-0.08616368
0.06152261
0.09277629
0.17605564
0.10621013
-0.11580428
-0.33831313
0.15555443
0.22172922
-0.11044135
-0.19910710
-0.08764438
0.13754652
-0.28012750
-0.30461296
-0.19439711
-0.15656775
-0.21935169
-0.33949074
-0.07548675
-0.10587197
-0.00938714
-0.27413151
0.04161730
0.12941548
-0.33352137
0.08675035
0.24198765
-0.36522335
0.05386748
0.15389733
0.06186125
-0.08773694
-0.01754875
-0.09345691
0.20188080
-0.19919163
0.19055085
-0.09194143
-0.01024960
-0.11696386
-0.15881090
0.04277296
-0.13760425
-0.03922447
0.33854994
0.02767731
0.02133811
-0.16002163
-0.25598103
0.26430124
-0.23398282
0.13161235
-0.08854169
0.12147241
-0.12159056
0.00333169
0.33542490
-0.18435076
-0.01147462
0.32006553
0.23141126
0.00203954
-0.10287566
-0.19596273
-0.04624888
0.09672137
-0.25499204
-0.08622371
0.12185514
-0.01129308
-0.09325981
-0.23729950
0.16319367
0.21411085
-0.21031317
0.11778124
0.11542354
-0.24430144
-0.12666768
-0.25411510
-0.17992996
-0.20848994
0.13500661
-0.13409381
-0.02100259
-0.10782690
0.00862870
0.14048624
-0.14039198
-0.21244374
-0.05824655
-0.16436222
-0.03868131
0.02624568
-0.22851214
-0.16016011
0.12182342
-0.09880132
-0.15186194
0.02621163
-0.20982015
-0.21301349
-0.01941575
0.20499675
0.19951642
0.00959852
-0.22374144
0.14763094
-0.17004701
-0.18123573
-0.00410599
0.16952427
0.00745061
0.13480733
0.20777628
0.05883101
-0.23888153
0.03773725
0.16491556
-0.24471511
-0.07243261
0.10678348
-0.12236171
-0.02417798
-0.27892914
-0.13816440
-0.17456335
0.19549558
-0.25056759
0.13350444
0.10586902
-0.01780223
0.16597545
0.29808304
-0.24008045
0.01515156
0.03428631
0.13051203
-0.19922778
-0.21374324
0.15872407
0.14704782
0.06651992
0.10286068
-0.05302127
-0.10387599
0.01455110
0.12883782
0.24430102
0.07919507
-0.02430181
-0.17567776
-0.00441776
0.15420911
0.09047857
0.11801563
0.06983416
-0.22021326
-0.22068000
0.24248658
0.09303201
0.01868300
0.20344056
-0.08925219
0.03557274
0.32731706
-0.07379685
-0.14433014
0.26015562
0.15068781
-0.21911569
0.20869109
0.17553931
0.15203936
-0.16667977
-0.25598612
0.10980041
0.08212555
-0.03360863
0.28355038
-0.02220863
0.04582045
-0.09296679
-0.10441849
0.00565618
-0.21081518
0.13949512
-0.00023483
-0.09444927
-0.16820207
-0.32594800
0.05654147
0.12038558
0.22250482
0.13845950
-0.16685155
-0.22496684
-0.31380489
0.16109346
0.20412950
-0.05795015
-0.27408576
0.01984496
0.05594308
-0.14293365
-0.10449803
-0.16160551
0.13361026
0.18032835
0.01073973
0.18763608
-0.27661672
0.16863674
0.01082434
0.14421447
-0.09627057
-0.28263274
0.22147466
-0.19200721
-0.23324199
-0.05678042
0.11710867
0.16255273
-0.11923605
0.13097501
0.08366159
0.08253121
0.03330386
-0.14606319
0.20719647
0.20931287
0.11354730
-0.02929468
-0.15022114
0.09176850
-0.07106996
0.27644995
0.31063503
-0.19424301
0.11277364
-0.12228248
0.47355369
-0.10281191
0.31299946
0.18491948
0.15772694
-0.18104488
0.13176784
0.12272586
0.05790021
-0.21249236
0.07222429
0.33024839
-0.15851618
-0.21601172
0.11308701
0.18594268
-0.24016312
-0.09935959
-0.18477033
0.13871330
-0.06481560
0.17645706
0.07234029
0.16527869
-0.14623915
0.16551392
0.16535971
0.17480804
0.07081157
0.11739232
0.05354290
-0.13921167
0.24091148
0.12981418
0.00729401
-0.10371768
-0.12911561
0.17656484
-0.15715998
0.11848656
0.11935488
0.00679265
0.25269318
0.24017721
0.20176539
-0.22388443
0.14872326
-0.20761973
-0.03991479
-0.05610657
-0.20715138
-0.01891044
0.23829147
-0.20235486
-0.21852532
-0.05743523
-0.02147151
-0.07921916
-0.24419177
0.03444717
0.33676055
0.13601406
0.03223644
0.05278131
0.15717590
0.18114568
0.19609785
0.19465667
0.14408483
-0.14207840
-0.15169589
0.25622800
-0.02450307
-0.09653116
0.16300359
0.12880670
-0.09653727
-0.14323002
0.16114321
-0.20089094
-0.20108354
0.16455846
-0.06624800
-0.14471270
0.02162458
0.06974852
-0.17645130
0.04335951
-0.10152234
0.09896357
0.01070503
0.32975462
0.08157529
0.09019654
-0.02835516
0.19978012
0.19079195
-0.08350056
0.32561219
-0.15986645
-0.13756712
-0.15975972
0.22119607
0.17601004
0.03471559
-0.20789030
0.15790601
0.18152547
-0.00139871
-0.34319529
0.15887196
-0.03345151
-0.03712249
-0.24155062
0.16497187
0.13216068
0.19921324
-0.20496017
-0.18558067
-0.01807366
0.11901733
-0.02945646
-0.18875182
-0.08162325
0.37903929
-0.08630604
0.16107120
-0.17327115
0.28226587
-0.15291086
0.17346461
-0.12450570
-0.23668650
0.12794474
0.06051100
0.36340705
0.18540661
-0.03149107
0.24180315
0.29430467
0.09601123
-0.34101909
-0.10514604
0.04074519
0.08404566
0.11782571
0.22949021
0.19342163
0.11491229
-0.05982970
-0.03539338
-0.17020330
0.22086664
-0.08025714
0.11386424
0.02891794
0.10799957
0.08196179
0.23591293
-0.02051794
0.08287726
-0.13146538
-0.12498271
-0.01170653
0.15878160
-0.05797482
0.21987911
-0.16422617
0.19980238
0.08696032
0.13837375
0.15122153
0.01913902
-0.00460754
0.00496497
-0.14103492
0.23611943
0.16607599
0.10808702
0.23422381
-0.26109022
0.02432326
-0.21525776
-0.01443264
0.09029579
0.10087194
-0.00221540
-0.25013682
-0.34600025
-0.10536985
-0.12692897
0.07208353
-0.17799796
-0.08827094
-0.07949233
-0.05296683
-0.24629974
-0.07723643
-0.11164153
-0.38685036
-0.01209741
0.11931653
-0.16948071
-0.05923940
-0.01543135
0.04756115
0.10237290
-0.07373904
0.14664842
-0.17171684
0.08116484
-0.19580619
0.20020670
0.20041767
0.05814951
0.04360817
-0.13684680
-0.10983403
-0.11746950
0.10200121
0.12422498
-0.11581697
-0.23867014
0.16608873
0.14726840
-0.14602655
-0.05580268
-0.21513647
-0.13631305
-0.09205668
-0.20645122
0.32806569
-0.09397504
0.27962914
0.10023022
0.22230130
-0.06361409
-0.19983459
0.04474273
0.16782238
0.07351936
0.14673501
0.22614232
0.13937683
0.04481480
-0.04870239
-0.06731939
0.26022899
-0.00172254
-0.16243726
0.20146212
0.14682859
0.14114864
0.12158810
-0.04774017
0.15349048
-0.07662029
0.09410949
0.16685641
-0.14624995
-0.10005655
0.19096597
0.06440581
0.11895610
-0.18138900
-0.15795715
0.11957306
0.10935586
-0.14164095
-0.31661063
0.01187472
-0.05638858
-0.09332434
-0.18902811
-0.14757961
-0.09326223
-0.03664622
-0.21429344
0.00226718
0.04890202
0.14233692
0.05202012
-0.21493231
-0.09897741
-0.18679704
0.06538484
0.01763588
0.02775585
-0.05944504
0.09701198
-0.30109981
-0.00231314
-0.11885392
-0.07943112
0.13109371
-0.06429043
-0.18009418
-0.10188796
0.01739057
-0.18090764
-0.03102143
0.04500555
-0.00506140
0.02300359
-0.19322500
0.09378298
-0.06764957
