0.16211422
-0.03415557
-0.43145132
0.78518319
0.07161401
-0.33470133
-0.06380843
0.32434675
-0.15815477
-0.23937039
0.16166352
0.39616451
-0.23208344
0.04249221
0.28686538
0.17151120
-0.33258691
0.32918602
-0.20592555
0.82202131
-0.08562682
-0.35664636
-0.07844250
-0.32493955
0.15469906
0.34044525
0.09508692
0.66369569
0.11451291
0.04454505
-0.48824528
0.42695183
0.25061485
0.30848220
0.33338708
0.13248254
0.23502710
-0.28766838
0.07639682
-0.11797798
-0.41214767
0.63897759
-0.07201139
0.08058140
0.12370776
0.01945645
-0.70419574
0.63528687
-0.42642573
0.60400295
-0.39389023
-0.24642715
-0.40487731
-0.25096384
0.22571088
0.11405841
-0.03757639
-0.23709558
-0.10187790
-0.17452762
0.03493833
-0.10380532
-0.26727346
0.32978985
